% time-domain current integration by openEMS v0.0.36-82-g8a008a4 @Tue Aug 19 10:18:03 2025
% start-coordinates: (-3.55e-06,0.00025242,0.000393577) m -> [53,110,36]
% stop-coordinates: (2.95e-06,0.00025242,0.00039798) m -> [64,110,43]
% t/s	current
4.7745280647e-16	0
6.94693833414e-13	-1.09240242042e-33
1.38891021402e-12	-1.0740230533e-17
2.08312659463e-12	-7.48670653331e-15
2.77734297524e-12	-4.66998239124e-13
3.47155935584e-12	-5.54194468094e-11
4.16577573645e-12	-7.00961927391e-11
4.85999211706e-12	-3.72832702211e-11
5.55420849767e-12	6.24708271224e-11
6.24842487827e-12	2.06877182052e-10
6.94264125888e-12	3.50560636075e-10
7.63685763949e-12	3.93732518811e-10
8.3310740201e-12	2.29030405752e-10
9.0252904007e-12	-2.1364403302e-10
9.71950678131e-12	-8.79900374784e-10
1.04137231619e-11	-1.531978433e-09
1.11079395425e-11	-1.77173342664e-09
1.18021559231e-11	-1.15936582556e-09
1.24963723037e-11	5.46041933891e-10
1.31905886843e-11	3.10153147609e-09
1.3884805065e-11	5.61562085721e-09
1.45790214456e-11	6.65748256523e-09
1.52732378262e-11	4.75285766299e-09
1.59674542068e-11	-7.97859667223e-10
1.66616705874e-11	-9.09025121842e-09
1.7355886968e-11	-1.72399179377e-08
1.80501033486e-11	-2.09157668962e-08
1.87443197292e-11	-1.59591753146e-08
1.94385361098e-11	-6.91102730599e-10
2.01327524904e-11	2.20383338245e-08
2.0826968871e-11	4.42980265802e-08
2.15211852516e-11	5.49885648127e-08
2.22154016322e-11	4.42036061088e-08
2.29096180129e-11	8.70828209543e-09
2.36038343935e-11	-4.3933379601e-08
2.42980507741e-11	-9.52192706904e-08
2.49922671547e-11	-1.21029088973e-07
2.56864835353e-11	-1.014719615e-07
2.63806999159e-11	-3.17172776931e-08
2.70749162965e-11	7.13448642387e-08
2.77691326771e-11	1.71083769374e-07
2.84633490577e-11	2.23074849259e-07
2.91575654383e-11	1.93673457716e-07
2.98517818189e-11	7.77863533585e-08
3.05459981995e-11	-9.28357337671e-08
3.12402145801e-11	-2.56662843867e-07
3.19344309608e-11	-3.44363996874e-07
3.26286473414e-11	-3.08034174168e-07
3.3322863722e-11	-1.45280523611e-07
3.40170801026e-11	9.36291897347e-08
3.47112964832e-11	3.21032700867e-07
3.54055128638e-11	4.45244609182e-07
3.60997292444e-11	4.08917316008e-07
3.6793945625e-11	2.15733408027e-07
3.74881620056e-11	-6.72439313121e-08
3.81823783862e-11	-3.34104157673e-07
3.88765947668e-11	-4.82109498989e-07
3.95708111474e-11	-4.53623584917e-07
4.0265027528e-11	-2.59897007027e-07
4.09592439086e-11	2.36354864569e-08
4.16534602893e-11	2.88476485366e-07
4.23476766699e-11	4.37073822468e-07
4.30418930505e-11	4.20884788355e-07
4.37361094311e-11	2.56850398728e-07
4.44303258117e-11	1.65486611081e-08
4.51245421923e-11	-2.05781233831e-07
4.58187585729e-11	-3.31635504836e-07
4.65129749535e-11	-3.26836101294e-07
4.72071913341e-11	-2.09655524941e-07
4.79014077147e-11	-3.74115529667e-08
4.85956240953e-11	1.20487499089e-07
4.92898404759e-11	2.10487073105e-07
4.99840568565e-11	2.12533322497e-07
5.06782732372e-11	1.41984727975e-07
5.13724896178e-11	3.75965250043e-08
5.20667059984e-11	-5.72805127774e-08
5.2760922379e-11	-1.11661933033e-07
5.34551387596e-11	-1.15781887189e-07
5.41493551402e-11	-8.00407065071e-08
5.48435715208e-11	-2.65709019232e-08
5.55377879014e-11	2.16623234905e-08
5.6232004282e-11	4.94461112055e-08
5.69262206626e-11	5.28565458069e-08
5.76204370432e-11	3.76574718075e-08
5.83146534238e-11	1.45269645202e-08
5.90088698044e-11	-6.21456797134e-09
5.97030861851e-11	-1.82256414405e-08
6.03973025657e-11	-2.02141094974e-08
6.10915189463e-11	-1.48170675729e-08
6.17857353269e-11	-6.38455688318e-09
6.24799517075e-11	1.15136833401e-09
6.31741680881e-11	5.54513102102e-09
6.38683844687e-11	6.45270814559e-09
6.45626008493e-11	4.87397322502e-09
6.52568172299e-11	2.30135066559e-09
6.59510336105e-11	1.84482073715e-12
6.66452499911e-11	-1.35253475086e-09
6.73394663717e-11	-1.68936786782e-09
6.80336827523e-11	-1.32275201903e-09
6.87278991329e-11	-6.80930256625e-10
6.94221155136e-11	-1.05058690913e-10
7.01163318942e-11	2.37358965816e-10
