% time-domain voltage integration by openEMS v0.0.36-82-g8a008a4 @Tue Aug 19 10:18:03 2025
% start-coordinates: (-5e-08,-0.00025208,0.00039648) m -> [59,56,40]
% stop-coordinates: (-5e-08,-0.00025808,0.00039648) m -> [59,46,40]
% t/s	voltage
0	-0
6.94216380607e-13	4.04087277528e-09
1.38843276121e-12	2.51438302123e-09
2.08264914182e-12	-1.73854597385e-09
2.77686552243e-12	-9.31559979156e-09
3.47108190304e-12	-1.77545941282e-08
4.16529828364e-12	-2.22610813116e-08
4.85951466425e-12	-1.65560684051e-08
5.55373104486e-12	4.03419836426e-09
6.24794742547e-12	3.87432661508e-08
6.94216380607e-12	7.70883277212e-08
7.63638018668e-12	9.88406370084e-08
8.33059656729e-12	7.89649714505e-08
9.0248129479e-12	-3.1407027673e-10
9.7190293285e-12	-1.33608830666e-07
1.04132457091e-11	-2.80768031047e-07
1.11074620897e-11	-3.68041316534e-07
1.18016784703e-11	-3.10273517101e-07
1.24958948509e-11	-5.27854369103e-08
1.31901112315e-11	3.8026304594e-07
1.38843276121e-11	8.55844504599e-07
1.45785439928e-11	1.14747167856e-06
1.52727603734e-11	1.01014748566e-06
1.5966976754e-11	3.03456234363e-07
1.66611931346e-11	-8.84943972324e-07
1.73554095152e-11	-2.1813657014e-06
1.80496258958e-11	-2.99537182968e-06
1.87438422764e-11	-2.73255439254e-06
1.9438058657e-11	-1.09389333147e-06
2.01322750376e-11	1.66164852544e-06
2.08264914182e-11	4.6432688805e-06
2.15207077988e-11	6.54727188021e-06
2.22149241794e-11	6.15511021351e-06
2.290914056e-11	2.94505343845e-06
2.36033569407e-11	-2.45464219972e-06
2.42975733213e-11	-8.24323967663e-06
2.49917897019e-11	-1.19814797017e-05
2.56860060825e-11	-1.15622435715e-05
2.63802224631e-11	-6.25022755685e-06
2.70744388437e-11	2.69295179578e-06
2.77686552243e-11	1.21824157304e-05
2.84628716049e-11	1.83520220389e-05
2.91570879855e-11	1.81309554819e-05
2.98513043661e-11	1.07072228275e-05
3.05455207467e-11	-1.81137149013e-06
3.12397371273e-11	-1.49486112377e-05
3.19339535079e-11	-2.35166605762e-05
3.26281698886e-11	-2.37475780978e-05
3.33223862692e-11	-1.49897178972e-05
3.40166026498e-11	-1.82896322087e-07
3.47108190304e-11	1.51750220994e-05
3.5405035411e-11	2.51931037383e-05
3.60992517916e-11	2.59852110958e-05
3.67934681722e-11	1.72699437826e-05
3.74876845528e-11	2.4778747445e-06
3.81819009334e-11	-1.26781725385e-05
3.8876117314e-11	-2.2541703629e-05
3.95703336946e-11	-2.37507179008e-05
4.02645500752e-11	-1.6441456296e-05
4.09587664558e-11	-3.96858484919e-06
4.16529828364e-11	8.64962424885e-06
4.23471992171e-11	1.68244457655e-05
4.30414155977e-11	1.81237453489e-05
4.37356319783e-11	1.29632929884e-05
4.44298483589e-11	4.09444231764e-06
4.51240647395e-11	-4.75959424762e-06
4.58182811201e-11	-1.04578440983e-05
4.65124975007e-11	-1.1535733961e-05
4.72067138813e-11	-8.47242415603e-06
4.79009302619e-11	-3.16132948797e-06
4.85951466425e-11	2.06738513953e-06
4.92893630231e-11	5.40291506468e-06
4.99835794037e-11	6.11621391045e-06
5.06777957843e-11	4.58925330804e-06
5.1372012165e-11	1.9149750301e-06
5.20662285456e-11	-6.78637285034e-07
5.27604449262e-11	-2.31454833965e-06
5.34546613068e-11	-2.69632840855e-06
5.41488776874e-11	-2.05806314568e-06
5.4843094068e-11	-9.2828533127e-07
5.55373104486e-11	1.49417034301e-07
5.62315268292e-11	8.1961778875e-07
5.69257432098e-11	9.85923804819e-07
5.76199595904e-11	7.62778370245e-07
5.8314175971e-11	3.63817168392e-07
5.90083923516e-11	-9.75833625017e-09
5.97026087322e-11	-2.38178900602e-07
6.03968251129e-11	-2.9749279129e-07
6.10910414935e-11	-2.32975168046e-07
6.17852578741e-11	-1.16374028636e-07
6.24794742547e-11	-9.40516858838e-09
6.31736906353e-11	5.48392180555e-08
6.38679070159e-11	7.24256050688e-08
6.45621233965e-11	5.78713534871e-08
6.52563397771e-11	3.08045835506e-08
6.59505561577e-11	6.50373943589e-09
6.66447725383e-11	-7.87319187623e-09
6.73389889189e-11	-1.23277839048e-08
6.80332052995e-11	-1.04914318344e-08
6.87274216801e-11	-6.52694576164e-09
6.94216380607e-11	-3.10945263982e-09
7.01158544414e-11	-1.14868609069e-09
