% time-domain voltage integration by openEMS v0.0.36-82-g8a008a4 @Tue Aug 19 10:18:03 2025
% start-coordinates: (-5e-08,0.00024992,0.00039648) m -> [59,106,40]
% stop-coordinates: (-5e-08,0.00025592,0.00039648) m -> [59,116,40]
% t/s	voltage
0	-0
6.94216380607e-13	2.1355761017e-32
1.38843276121e-12	4.03649947815e-16
2.08264914182e-12	3.50901565563e-13
2.77686552243e-12	2.04220121716e-11
3.47108190304e-12	2.66034284879e-09
4.16529828364e-12	3.48760051394e-09
4.85951466425e-12	1.92254218101e-09
5.55373104486e-12	-2.99974753371e-09
6.24794742547e-12	-1.01971844302e-08
6.94216380607e-12	-1.74232138717e-08
7.63638018668e-12	-1.97271958768e-08
8.33059656729e-12	-1.17353252671e-08
9.0248129479e-12	1.01415001397e-08
9.7190293285e-12	4.33224838225e-08
1.04132457091e-11	7.61037926011e-08
1.11074620897e-11	8.86940560996e-08
1.18016784703e-11	5.90441757709e-08
1.24958948509e-11	-2.5207558263e-08
1.31901112315e-11	-1.52490280847e-07
1.38843276121e-11	-2.7884769338e-07
1.45785439928e-11	-3.33064953395e-07
1.52727603734e-11	-2.4112986452e-07
1.5966976754e-11	3.30755527411e-08
1.66611931346e-11	4.46153755718e-07
1.73554095152e-11	8.5565854846e-07
1.80496258958e-11	1.04580478677e-06
1.87438422764e-11	8.07486337351e-07
1.9438058657e-11	5.3309193504e-08
2.01322750376e-11	-1.07908946489e-06
2.08264914182e-11	-2.19746627295e-06
2.15207077988e-11	-2.74815356249e-06
2.22149241794e-11	-2.23213876893e-06
2.290914056e-11	-4.79041482038e-07
2.36033569407e-11	2.14400894549e-06
2.42975733213e-11	4.72062322388e-06
2.49917897019e-11	6.04599864573e-06
2.56860060825e-11	5.11632907774e-06
2.63802224631e-11	1.67168651899e-06
2.70744388437e-11	-3.46460819856e-06
2.77686552243e-11	-8.47554099437e-06
2.84628716049e-11	-1.11391328801e-05
2.91570879855e-11	-9.75385313495e-06
2.98513043661e-11	-4.03209679689e-06
3.05455207467e-11	4.47269010806e-06
3.12397371273e-11	1.27038399569e-05
3.19339535079e-11	1.71887859324e-05
3.26281698886e-11	1.54989315888e-05
3.33223862692e-11	7.46495965132e-06
3.40166026498e-11	-4.44587357151e-06
3.47108190304e-11	-1.58722107244e-05
3.5405035411e-11	-2.22151619482e-05
3.60992517916e-11	-2.05593834153e-05
3.67934681722e-11	-1.10258268364e-05
3.74876845528e-11	3.08457484266e-06
3.81819009334e-11	1.64949102555e-05
3.8876117314e-11	2.40441590904e-05
3.95703336946e-11	2.27927397418e-05
4.02645500752e-11	1.32356054792e-05
4.09587664558e-11	-9.05012797148e-07
4.16529828364e-11	-1.42155013236e-05
4.23471992171e-11	-2.17877357045e-05
4.30414155977e-11	-2.1136355258e-05
4.37356319783e-11	-1.3047432958e-05
4.44298483589e-11	-1.06084338825e-06
4.51240647395e-11	1.01145762983e-05
4.58182811201e-11	1.65227833122e-05
4.65124975007e-11	1.64055367122e-05
4.72067138813e-11	1.06301828282e-05
4.79009302619e-11	2.03711334734e-06
4.85951466425e-11	-5.9007749087e-06
4.92893630231e-11	-1.04802306282e-05
4.99835794037e-11	-1.06634685153e-05
5.06777957843e-11	-7.18881403827e-06
5.1372012165e-11	-1.98032911669e-06
5.20662285456e-11	2.78995204894e-06
5.27604449262e-11	5.55541538461e-06
5.34546613068e-11	5.80672531214e-06
5.41488776874e-11	4.04798262821e-06
5.4843094068e-11	1.37983091264e-06
5.55373104486e-11	-1.04555434177e-06
5.62315268292e-11	-2.45770193885e-06
5.69257432098e-11	-2.64976891629e-06
5.76199595904e-11	-1.90273694045e-06
5.8314175971e-11	-7.48474199952e-07
5.90083923516e-11	2.94621864683e-07
5.97026087322e-11	9.04788663547e-07
6.03968251129e-11	1.01290818577e-06
6.10910414935e-11	7.48077809476e-07
6.17852578741e-11	3.27271301614e-07
6.24794742547e-11	-5.17330693839e-08
6.31736906353e-11	-2.74827357316e-07
6.38679070159e-11	-3.23178195316e-07
6.45621233965e-11	-2.4589640546e-07
6.52563397771e-11	-1.17527451771e-07
6.59505561577e-11	-1.86902729404e-09
6.66447725383e-11	6.68696471529e-08
6.73389889189e-11	8.45593559617e-08
6.80332052995e-11	6.66894877099e-08
6.87274216801e-11	3.46670907536e-08
6.94216380607e-11	5.69588193278e-09
7.01158544414e-11	-1.16753348101e-08
