% time-domain current integration by openEMS v0.0.36-82-g8a008a4 @Tue Aug 19 10:18:03 2025
% start-coordinates: (-3.55e-06,-0.00025558,0.000393577) m -> [53,50,36]
% stop-coordinates: (2.95e-06,-0.00025558,0.00039798) m -> [64,50,43]
% t/s	current
4.7745280647e-16	-0
6.94693833414e-13	8.10964143061e-11
1.38891021402e-12	5.96518390239e-11
2.08312659463e-12	-2.96150881596e-11
2.77734297524e-12	-1.70890995799e-10
3.47155935584e-12	-3.28021804163e-10
4.16577573645e-12	-4.11606554396e-10
4.85999211706e-12	-3.09076514382e-10
5.55420849767e-12	7.28632570945e-11
6.24842487827e-12	7.16892045727e-10
6.94264125888e-12	1.43320044721e-09
7.63685763949e-12	1.8408526925e-09
8.3310740201e-12	1.47418710572e-09
9.0252904007e-12	3.35857318519e-13
9.71950678131e-12	-2.4864841297e-09
1.04137231619e-11	-5.23735499414e-09
1.11079395425e-11	-6.87519019493e-09
1.18021559231e-11	-5.80585002297e-09
1.24963723037e-11	-9.9838326495e-10
1.31905886843e-11	7.10359548961e-09
1.3884805065e-11	1.60192268339e-08
1.45790214456e-11	2.14995594661e-08
1.52732378262e-11	1.89464195444e-08
1.59674542068e-11	5.69939118122e-09
1.66616705874e-11	-1.66173013127e-08
1.7355886968e-11	-4.09973139881e-08
1.80501033486e-11	-5.63408022458e-08
1.87443197292e-11	-5.14254807626e-08
1.94385361098e-11	-2.05672456843e-08
2.01327524904e-11	3.14108348221e-08
2.0826968871e-11	8.77338450778e-08
2.15211852516e-11	1.23768387539e-07
2.22154016322e-11	1.16393913174e-07
2.29096180129e-11	5.56088082249e-08
2.36038343935e-11	-4.68200980208e-08
2.42980507741e-11	-1.56807402618e-07
2.49922671547e-11	-2.27980535783e-07
2.56864835353e-11	-2.20082682745e-07
2.63806999159e-11	-1.18824551976e-07
2.70749162965e-11	5.20276337568e-08
2.77691326771e-11	2.33707680763e-07
2.84633490577e-11	3.5216422134e-07
2.91575654383e-11	3.4816090988e-07
2.98517818189e-11	2.05525580554e-07
3.05459981995e-11	-3.57858880307e-08
3.12402145801e-11	-2.89825095479e-07
3.19344309608e-11	-4.56231134649e-07
3.26286473414e-11	-4.61363498516e-07
3.3322863722e-11	-2.91511582873e-07
3.40170801026e-11	-2.81017431547e-09
3.47112964832e-11	2.98084245287e-07
3.54055128638e-11	4.95702181524e-07
3.60997292444e-11	5.12675114805e-07
3.6793945625e-11	3.41776512869e-07
3.74881620056e-11	4.91141527448e-08
3.81823783862e-11	-2.52984648341e-07
3.88765947668e-11	-4.51662486967e-07
3.95708111474e-11	-4.78201002352e-07
4.0265027528e-11	-3.3303169289e-07
4.09592439086e-11	-8.15775322849e-08
4.16534602893e-11	1.75706645678e-07
4.23476766699e-11	3.45036738736e-07
4.30418930505e-11	3.74771587985e-07
4.37361094311e-11	2.70791304047e-07
4.44303258117e-11	8.76253665183e-08
4.51245421923e-11	-9.838144166e-08
4.58187585729e-11	-2.20889461389e-07
4.65129749535e-11	-2.4701358825e-07
4.72071913341e-11	-1.84326040653e-07
4.79014077147e-11	-7.1178938299e-08
4.85956240953e-11	4.3067675648e-08
4.92898404759e-11	1.18402084581e-07
4.99840568565e-11	1.37045148563e-07
5.06782732372e-11	1.05317255361e-07
5.13724896178e-11	4.60286742054e-08
5.20667059984e-11	-1.36346249846e-08
5.2760922379e-11	-5.30572314972e-08
5.34551387596e-11	-6.40502051397e-08
5.41493551402e-11	-5.0617359193e-08
5.48435715208e-11	-2.4255644604e-08
5.55377879014e-11	2.25817520239e-09
5.6232004282e-11	1.98291854048e-08
5.69262206626e-11	2.52317153837e-08
5.76204370432e-11	2.04930561409e-08
5.83146534238e-11	1.05369677428e-08
5.90088698044e-11	4.99855212777e-10
5.97030861851e-11	-6.17346440634e-09
6.03973025657e-11	-8.39098746042e-09
6.10915189463e-11	-6.99554902894e-09
6.17857353269e-11	-3.78697828651e-09
6.24799517075e-11	-5.38533995176e-10
6.31741680881e-11	1.62384072855e-09
6.38683844687e-11	2.38026265365e-09
6.45626008493e-11	2.02427297147e-09
6.52568172299e-11	1.12362397164e-09
6.59510336105e-11	2.09879530422e-10
6.66452499911e-11	-3.95392163455e-10
6.73394663717e-11	-6.07954964149e-10
6.80336827523e-11	-5.1719106775e-10
6.87278991329e-11	-2.80719225643e-10
6.94221155136e-11	-4.22169486869e-11
7.01163318942e-11	1.13527590107e-10
