% time-domain voltage integration by openEMS v0.0.36-82-g8a008a4 @Tue Aug 19 10:18:17 2025
% start-coordinates: (-5e-08,-0.00025208,0.00049648) m -> [59,56,45]
% stop-coordinates: (-5e-08,-0.00025808,0.00049648) m -> [59,46,45]
% t/s	voltage
0	-0
6.94216380607e-13	4.04087277528e-09
1.38843276121e-12	2.51438307675e-09
2.08264914182e-12	-1.73854608487e-09
2.77686552243e-12	-9.31559968054e-09
3.47108190304e-12	-1.77545946833e-08
4.16529828364e-12	-2.22610837541e-08
4.85951466425e-12	-1.6556047866e-08
5.55373104486e-12	4.03420077899e-09
6.24794742547e-12	3.87433938265e-08
6.94216380607e-12	7.7088495587e-08
7.63638018668e-12	9.88396511303e-08
8.33059656729e-12	7.89654737154e-08
9.0248129479e-12	-3.14406670837e-10
9.7190293285e-12	-1.33609224129e-07
1.04132457091e-11	-2.80767528338e-07
1.11074620897e-11	-3.68040804943e-07
1.18016784703e-11	-3.10274025139e-07
1.24958948509e-11	-5.27769308256e-08
1.31901112315e-11	3.80255322341e-07
1.38843276121e-11	8.55844611181e-07
1.45785439928e-11	1.14747157909e-06
1.52727603734e-11	1.01014153842e-06
1.5966976754e-11	3.03451306749e-07
1.66611931346e-11	-8.84946381063e-07
1.73554095152e-11	-2.18135384955e-06
1.80496258958e-11	-2.99535048498e-06
1.87438422764e-11	-2.7325306462e-06
1.9438058657e-11	-1.09387656977e-06
2.01322750376e-11	1.66165048654e-06
2.08264914182e-11	4.64323767346e-06
2.15207077988e-11	6.54721424098e-06
2.22149241794e-11	6.15503972767e-06
2.290914056e-11	2.94499554343e-06
2.36033569407e-11	-2.45464153181e-06
2.42975733213e-11	-8.2431613464e-06
2.49917897019e-11	-1.19813280435e-05
2.56860060825e-11	-1.15620484848e-05
2.63802224631e-11	-6.25007373856e-06
2.70744388437e-11	2.69297783007e-06
2.77686552243e-11	1.21822341725e-05
2.84628716049e-11	1.83516557399e-05
2.91570879855e-11	1.81304948228e-05
2.98513043661e-11	1.07068611896e-05
3.05455207467e-11	-1.81142992517e-06
3.12397371273e-11	-1.49482474399e-05
3.19339535079e-11	-2.35158977375e-05
3.26281698886e-11	-2.37466504132e-05
3.33223862692e-11	-1.49889859813e-05
3.40166026498e-11	-1.82763258749e-07
3.47108190304e-11	1.51743556671e-05
3.5405035411e-11	2.51917390415e-05
3.60992517916e-11	2.59835821907e-05
3.67934681722e-11	1.72686964106e-05
3.74876845528e-11	2.47762540084e-06
3.81819009334e-11	-1.26771428768e-05
3.8876117314e-11	-2.25396095175e-05
3.95703336946e-11	-2.37482947796e-05
4.02645500752e-11	-1.64396504942e-05
4.09587664558e-11	-3.96822105131e-06
4.16529828364e-11	8.64825523195e-06
4.23471992171e-11	1.68217463852e-05
4.30414155977e-11	1.81207226433e-05
4.37356319783e-11	1.29611324837e-05
4.44298483589e-11	4.09405248547e-06
4.51240647395e-11	-4.75805634892e-06
4.58182811201e-11	-1.04550081801e-05
4.65124975007e-11	-1.15327601407e-05
4.72067138813e-11	-8.47048215746e-06
4.79009302619e-11	-3.16111274401e-06
4.85951466425e-11	2.06597090369e-06
4.92893630231e-11	5.40066019994e-06
4.99835794037e-11	6.11418130347e-06
5.06777957843e-11	4.58825661553e-06
5.1372012165e-11	1.91519887949e-06
5.20662285456e-11	-6.77638688273e-07
5.27604449262e-11	-2.3135933418e-06
5.34546613068e-11	-2.69608293024e-06
5.41488776874e-11	-2.0586635685e-06
5.4843094068e-11	-9.29231489977e-07
5.55373104486e-11	1.48942110201e-07
5.62315268292e-11	8.20281911729e-07
5.69257432098e-11	9.87785838902e-07
5.76199595904e-11	7.65164365646e-07
5.8314175971e-11	3.65569022165e-07
5.90083923516e-11	-9.69610214341e-09
5.97026087322e-11	-2.40196827761e-07
6.03968251129e-11	-3.01046865658e-07
6.10910414935e-11	-2.36720365976e-07
6.17852578741e-11	-1.18752800482e-07
6.24794742547e-11	-9.3302079951e-09
6.31736906353e-11	5.74590552915e-08
6.38679070159e-11	7.66330803259e-08
6.45621233965e-11	6.20345907976e-08
6.52563397771e-11	3.33371263928e-08
6.59505561577e-11	6.51732695589e-09
6.66447725383e-11	-1.02141819447e-08
6.73389889189e-11	-1.59576165615e-08
6.80332052995e-11	-1.39509669372e-08
6.87274216801e-11	-8.58292142913e-09
6.94216380607e-11	-3.23973187166e-09
7.01158544414e-11	3.27474394823e-10
7.0810070822e-11	1.87060791856e-09
7.15042872026e-11	1.95481078546e-09
