% time-domain current integration by openEMS v0.0.36-82-g8a008a4 @Tue Aug 19 10:18:17 2025
% start-coordinates: (-3.55e-06,-0.00025558,0.000493577) m -> [53,50,41]
% stop-coordinates: (2.95e-06,-0.00025558,0.00049798) m -> [64,50,48]
% t/s	current
4.7745280647e-16	-0
6.94693833414e-13	8.10964143061e-11
1.38891021402e-12	5.96518459628e-11
2.08312659463e-12	-2.96150846901e-11
2.77734297524e-12	-1.70890995799e-10
3.47155935584e-12	-3.28021748652e-10
4.16577573645e-12	-4.11606471129e-10
4.85999211706e-12	-3.09076764182e-10
5.55420849767e-12	7.28633334224e-11
6.24842487827e-12	7.16889991814e-10
6.94264125888e-12	1.4331978937e-09
7.63685763949e-12	1.84087278754e-09
8.3310740201e-12	1.47417678065e-09
9.0252904007e-12	3.41476955219e-13
9.71950678131e-12	-2.48647746837e-09
1.04137231619e-11	-5.23736387592e-09
1.11079395425e-11	-6.87520129716e-09
1.18021559231e-11	-5.80583803256e-09
1.24963723037e-11	-9.98555460541e-10
1.31905886843e-11	7.10375802626e-09
1.3884805065e-11	1.6019207294e-08
1.45790214456e-11	2.14995719006e-08
1.52732378262e-11	1.89465243494e-08
1.59674542068e-11	5.6994826636e-09
1.66616705874e-11	-1.66172586802e-08
1.7355886968e-11	-4.09975555726e-08
1.80501033486e-11	-5.63412250187e-08
1.87443197292e-11	-5.14259461681e-08
1.94385361098e-11	-2.05675849685e-08
2.01327524904e-11	3.14107886368e-08
2.0826968871e-11	8.77345200934e-08
2.15211852516e-11	1.23769552829e-07
2.22154016322e-11	1.16395312943e-07
2.29096180129e-11	5.56099166715e-08
2.36038343935e-11	-4.68201619697e-08
2.42980507741e-11	-1.56809022656e-07
2.49922671547e-11	-2.27983605328e-07
2.56864835353e-11	-2.20086505465e-07
2.63806999159e-11	-1.18827571782e-07
2.70749162965e-11	5.2027196773e-08
2.77691326771e-11	2.33711361375e-07
2.84633490577e-11	3.52171525719e-07
2.91575654383e-11	3.48170033249e-07
2.98517818189e-11	2.05532714403e-07
3.05459981995e-11	-3.57848009003e-08
3.12402145801e-11	-2.89832456701e-07
3.19344309608e-11	-4.56246482372e-07
3.26286473414e-11	-4.61381887362e-07
3.3322863722e-11	-2.91525935836e-07
3.40170801026e-11	-2.81254375345e-09
3.47112964832e-11	2.98097859286e-07
3.54055128638e-11	4.95729409522e-07
3.60997292444e-11	5.12707345024e-07
3.6793945625e-11	3.41801154491e-07
3.74881620056e-11	4.91186717966e-08
3.81823783862e-11	-2.53005481454e-07
3.88765947668e-11	-4.51704039506e-07
3.95708111474e-11	-4.78249035041e-07
4.0265027528e-11	-3.33067220026e-07
4.09592439086e-11	-8.15841403323e-08
4.16534602893e-11	1.75734314212e-07
4.23476766699e-11	3.45090597875e-07
4.30418930505e-11	3.74831500949e-07
4.37361094311e-11	2.7083359555e-07
4.44303258117e-11	8.76326353705e-08
4.51245421923e-11	-9.8412449745e-08
4.58187585729e-11	-2.2094600638e-07
4.65129749535e-11	-2.47072478032e-07
4.72071913341e-11	-1.84364083111e-07
4.79014077147e-11	-7.11827468081e-08
4.85956240953e-11	4.30961613063e-08
4.92898404759e-11	1.18446898512e-07
4.99840568565e-11	1.3708533686e-07
5.06782732372e-11	1.0533669581e-07
5.13724896178e-11	4.60239206745e-08
5.20667059984e-11	-1.3654544162e-08
5.2760922379e-11	-5.30760289053e-08
5.34551387596e-11	-6.4054916038e-08
5.41493551402e-11	-5.06053652316e-08
5.48435715208e-11	-2.42369466719e-08
5.55377879014e-11	2.2673154465e-09
5.6232004282e-11	1.98156229203e-08
5.69262206626e-11	2.51945522223e-08
5.76204370432e-11	2.04457766273e-08
5.83146534238e-11	1.05026289887e-08
5.90088698044e-11	4.99257968301e-10
5.97030861851e-11	-6.13273387629e-09
6.03973025657e-11	-8.32019964037e-09
6.10915189463e-11	-6.92144164205e-09
6.17857353269e-11	-3.74039954565e-09
6.24799517075e-11	-5.40922584502e-10
6.31741680881e-11	1.5711361101e-09
6.38683844687e-11	2.29647167949e-09
6.45626008493e-11	1.94187443903e-09
6.52568172299e-11	1.07402720051e-09
6.59510336105e-11	2.10398420908e-10
6.66452499911e-11	-3.48251927296e-10
6.73394663717e-11	-5.35609667729e-10
6.80336827523e-11	-4.48732689895e-10
6.87278991329e-11	-2.40432646015e-10
6.94221155136e-11	-4.0223557124e-11
7.01163318942e-11	8.38051919527e-11
7.08105482748e-11	1.21885862514e-10
7.15047646554e-11	1.00090130628e-10
