% time-domain voltage integration by openEMS v0.0.36-82-g8a008a4 @Tue Aug 19 10:18:17 2025
% start-coordinates: (-5e-08,0.00024992,0.00049648) m -> [59,106,45]
% stop-coordinates: (-5e-08,0.00025592,0.00049648) m -> [59,116,45]
% t/s	voltage
0	-0
6.94216380607e-13	2.1355761017e-32
1.38843276121e-12	4.03649944507e-16
2.08264914182e-12	3.50901558786e-13
2.77686552243e-12	2.04220074011e-11
3.47108190304e-12	2.66034295981e-09
4.16529828364e-12	3.48760062496e-09
4.85951466425e-12	1.92254284714e-09
5.55373104486e-12	-2.99974903251e-09
6.24794742547e-12	-1.01971739941e-08
6.94216380607e-12	-1.74232092087e-08
7.63638018668e-12	-1.9727430578e-08
8.33059656729e-12	-1.17361756979e-08
9.0248129479e-12	1.01449477707e-08
9.7190293285e-12	4.33206983619e-08
1.04132457091e-11	7.60995164661e-08
1.11074620897e-11	8.86975386472e-08
1.18016784703e-11	5.90407247536e-08
1.24958948509e-11	-2.52069336515e-08
1.31901112315e-11	-1.52495904793e-07
1.38843276121e-11	-2.78847949176e-07
1.45785439928e-11	-3.3306204017e-07
1.52727603734e-11	-2.41121680844e-07
1.5966976754e-11	3.30859104558e-08
1.66611931346e-11	4.46154142963e-07
1.73554095152e-11	8.55657361853e-07
1.80496258958e-11	1.04579110172e-06
1.87438422764e-11	8.07461496777e-07
1.9438058657e-11	5.32820596533e-08
2.01322750376e-11	-1.07909869485e-06
2.08264914182e-11	-2.197450371e-06
2.15207077988e-11	-2.74810346923e-06
2.22149241794e-11	-2.23207186423e-06
2.290914056e-11	-4.78971475815e-07
2.36033569407e-11	2.14404268206e-06
2.42975733213e-11	4.72057675438e-06
2.49917897019e-11	6.04585386554e-06
2.56860060825e-11	5.11612134346e-06
2.63802224631e-11	1.67149387664e-06
2.70744388437e-11	-3.46467714962e-06
2.77686552243e-11	-8.47541252824e-06
2.84628716049e-11	-1.11387785182e-05
2.91570879855e-11	-9.75337371756e-06
2.98513043661e-11	-4.03167814511e-06
3.05455207467e-11	4.47282380378e-06
3.12397371273e-11	1.2703523339e-05
3.19339535079e-11	1.71880373045e-05
3.26281698886e-11	1.54979609306e-05
3.33223862692e-11	7.46415634012e-06
3.40166026498e-11	-4.446106459e-06
3.47108190304e-11	-1.5871626033e-05
3.5405035411e-11	-2.22138205572e-05
3.60992517916e-11	-2.05577196084e-05
3.67934681722e-11	-1.10244980647e-05
3.74876845528e-11	3.08491891587e-06
3.81819009334e-11	1.64939577871e-05
3.8876117314e-11	2.40420999944e-05
3.95703336946e-11	2.27902817187e-05
4.02645500752e-11	1.32337285095e-05
4.09587664558e-11	-9.05473434898e-07
4.16529828364e-11	-1.42142293953e-05
4.23471992171e-11	-2.17851039679e-05
4.30414155977e-11	-2.11333547213e-05
4.37356319783e-11	-1.30452476697e-05
4.44298483589e-11	-1.06036999625e-06
4.51240647395e-11	1.01131427073e-05
4.58182811201e-11	1.65200287938e-05
4.65124975007e-11	1.64026045013e-05
4.72067138813e-11	1.06282213892e-05
4.79009302619e-11	2.03682408539e-06
4.85951466425e-11	-5.89946421314e-06
4.92893630231e-11	-1.04780583001e-05
4.99835794037e-11	-1.06614842821e-05
5.06777957843e-11	-7.18781006981e-06
5.1372012165e-11	-1.98050594236e-06
5.20662285456e-11	2.78901957529e-06
5.27604449262e-11	5.55451310902e-06
5.34546613068e-11	5.80650521442e-06
5.41488776874e-11	4.04857195235e-06
5.4843094068e-11	1.38075246525e-06
5.55373104486e-11	-1.04511038757e-06
5.62315268292e-11	-2.45839125057e-06
5.69257432098e-11	-2.65164743496e-06
5.76199595904e-11	-1.9051367417e-06
5.8314175971e-11	-7.50237596492e-07
5.90083923516e-11	2.94543720969e-07
5.97026087322e-11	9.0681323428e-07
6.03968251129e-11	1.01647325579e-06
6.10910414935e-11	7.5185331383e-07
6.17852578741e-11	3.29674367805e-07
6.24794742547e-11	-5.18019662721e-08
6.31736906353e-11	-2.77465851184e-07
6.38679070159e-11	-3.27409741985e-07
6.45621233965e-11	-2.50086952036e-07
6.52563397771e-11	-1.20080432708e-07
6.59505561577e-11	-1.87871317114e-09
6.66447725383e-11	6.92306652006e-08
6.73389889189e-11	8.82108306399e-08
6.80332052995e-11	7.01526072788e-08
6.87274216801e-11	3.67090535747e-08
6.94216380607e-11	5.80934844674e-09
7.01158544414e-11	-1.31651060054e-08
7.0810070822e-11	-1.90636166852e-08
7.15042872026e-11	-1.57857193983e-08
