% time-domain current integration by openEMS v0.0.36-82-g8a008a4 @Tue Aug 19 10:18:17 2025
% start-coordinates: (-3.55e-06,0.00025242,0.000493577) m -> [53,110,41]
% stop-coordinates: (2.95e-06,0.00025242,0.00049798) m -> [64,110,48]
% t/s	current
4.7745280647e-16	0
6.94693833414e-13	-1.09240242042e-33
1.38891021402e-12	-1.07402297059e-17
2.08312659463e-12	-7.48670568628e-15
2.77734297524e-12	-4.66998130704e-13
3.47155935584e-12	-5.54194398705e-11
4.16577573645e-12	-7.00961927391e-11
4.85999211706e-12	-3.72832840989e-11
5.55420849767e-12	6.24708479391e-11
6.24842487827e-12	2.06877015518e-10
6.94264125888e-12	3.50560441786e-10
7.63685763949e-12	3.93737403792e-10
8.3310740201e-12	2.29047864009e-10
9.0252904007e-12	-2.1371598935e-10
9.71950678131e-12	-8.79859796132e-10
1.04137231619e-11	-1.53189660956e-09
1.11079395425e-11	-1.77179337868e-09
1.18021559231e-11	-1.15929721378e-09
1.24963723037e-11	5.46030831661e-10
1.31905886843e-11	3.1016420543e-09
1.3884805065e-11	5.615629739e-09
1.45790214456e-11	6.65742394546e-09
1.52732378262e-11	4.75269068545e-09
1.59674542068e-11	-7.98069610397e-10
1.66616705874e-11	-9.09025921203e-09
1.7355886968e-11	-1.72398930687e-08
1.80501033486e-11	-2.09154844555e-08
1.87443197292e-11	-1.5958679711e-08
1.94385361098e-11	-6.90560275629e-10
2.01327524904e-11	2.20385167893e-08
2.0826968871e-11	4.42976997306e-08
2.15211852516e-11	5.4987530973e-08
2.22154016322e-11	4.4202263183e-08
2.29096180129e-11	8.70687610899e-09
2.36038343935e-11	-4.39340475111e-08
2.42980507741e-11	-9.52182972469e-08
2.49922671547e-11	-1.21026161537e-07
2.56864835353e-11	-1.0146781193e-07
2.63806999159e-11	-3.17134407624e-08
2.70749162965e-11	7.13461787427e-08
2.77691326771e-11	1.71081111944e-07
2.84633490577e-11	2.23067658567e-07
2.91575654383e-11	1.93663836967e-07
2.98517818189e-11	7.7777997376e-08
3.05459981995e-11	-9.28382917209e-08
3.12402145801e-11	-2.56656335296e-07
3.19344309608e-11	-3.44348819681e-07
3.26286473414e-11	-3.08014676875e-07
3.3322863722e-11	-1.45264507978e-07
3.40170801026e-11	9.36336377322e-08
3.47112964832e-11	3.21020593219e-07
3.54055128638e-11	4.45217352762e-07
3.60997292444e-11	4.088839205e-07
3.6793945625e-11	2.15706961626e-07
3.74881620056e-11	-6.72504185673e-08
3.81823783862e-11	-3.34084660381e-07
3.88765947668e-11	-4.82068060137e-07
3.95708111474e-11	-4.5357424483e-07
4.0265027528e-11	-2.598596609e-07
4.09592439086e-11	2.36442279089e-08
4.16534602893e-11	2.88450394237e-07
4.23476766699e-11	4.37020673871e-07
4.30418930505e-11	4.20824562752e-07
4.37361094311e-11	2.56806970356e-07
4.44303258117e-11	1.65398574836e-08
4.51245421923e-11	-2.05751845783e-07
4.58187585729e-11	-3.31579911972e-07
4.65129749535e-11	-3.26777410464e-07
4.72071913341e-11	-2.09616629832e-07
4.79014077147e-11	-3.74063162667e-08
4.85956240953e-11	1.20460782682e-07
4.92898404759e-11	2.10443417359e-07
4.99840568565e-11	2.12493731055e-07
5.06782732372e-11	1.41965060152e-07
5.13724896178e-11	3.76004223313e-08
5.20667059984e-11	-5.72616372096e-08
5.2760922379e-11	-1.11644069989e-07
5.34551387596e-11	-1.15777801568e-07
5.41493551402e-11	-8.00528283662e-08
5.48435715208e-11	-2.65894666285e-08
5.55377879014e-11	2.16536655273e-08
5.6232004282e-11	4.94604215362e-08
5.69262206626e-11	5.28947019518e-08
5.76204370432e-11	3.77056927903e-08
5.83146534238e-11	1.4562013817e-08
5.90088698044e-11	-6.21370377374e-09
5.97030861851e-11	-1.82669541715e-08
6.03973025657e-11	-2.02860768184e-08
6.10915189463e-11	-1.4892684419e-08
6.17857353269e-11	-6.43208908357e-09
6.24799517075e-11	1.15360110353e-09
6.31741680881e-11	5.59883606144e-09
6.38683844687e-11	6.53788934102e-09
6.45626008493e-11	4.95782748189e-09
6.52568172299e-11	2.35186292663e-09
6.59510336105e-11	1.21309624672e-12
6.66452499911e-11	-1.40051903408e-09
6.73394663717e-11	-1.76280678943e-09
6.80336827523e-11	-1.39193778725e-09
6.87278991329e-11	-7.21264936665e-10
6.94221155136e-11	-1.06683099854e-10
7.01163318942e-11	2.67632083162e-10
7.08105482748e-11	3.8134309599e-10
7.15047646554e-11	3.13333747837e-10
