% time-domain voltage integration by openEMS v0.0.36-82-g8a008a4 @Wed Aug 20 10:57:21 2025
% start-coordinates: (2.75e-07,-0.000205795,0.00029648) m -> [82,55,43]
% stop-coordinates: (2.75e-07,-0.000211795,0.00029648) m -> [82,53,43]
% t/s	voltage
0	-0
4.45260394893e-13	-4.36013136706e-09
8.90520789786e-13	-4.5972206042e-09
1.33578118468e-12	9.3795965439e-10
1.78104157957e-12	2.02686845086e-08
2.22630197447e-12	6.60183765433e-08
2.67156236936e-12	1.51741929244e-07
3.11682276425e-12	2.80989922885e-07
3.56208315914e-12	4.27530153502e-07
4.00734355404e-12	5.12420911036e-07
4.45260394893e-12	3.90437563169e-07
4.89786434382e-12	-1.33855763806e-07
5.34312473872e-12	-1.2423414546e-06
5.78838513361e-12	-2.98799773191e-06
6.2336455285e-12	-5.16030399922e-06
6.6789059234e-12	-7.20215507499e-06
7.12416631829e-12	-8.2543569988e-06
7.56942671318e-12	-7.37852542443e-06
8.01468710808e-12	-3.92063668642e-06
8.45994750297e-12	2.11252267945e-06
8.90520789786e-12	9.84442885965e-06
9.35046829275e-12	1.76285593625e-05
9.79572868765e-12	2.347400914e-05
1.02409890825e-11	2.56571765931e-05
1.06862494774e-11	2.32852071349e-05
1.11315098723e-11	1.65915826074e-05
1.15767702672e-11	6.86116254656e-06
1.20220306621e-11	-3.95840788769e-06
1.2467291057e-11	-1.37982628985e-05
1.29125514519e-11	-2.09755253309e-05
1.33578118468e-11	-2.45299743256e-05
1.38030722417e-11	-2.43339200097e-05
1.42483326366e-11	-2.09856107176e-05
1.46935930315e-11	-1.55472453116e-05
1.51388534264e-11	-9.21724176806e-06
1.55841138213e-11	-3.03651199829e-06
1.60293742162e-11	2.28816747949e-06
1.6474634611e-11	6.40850589662e-06
1.69198950059e-11	9.23602783587e-06
1.73651554008e-11	1.07968598968e-05
1.78104157957e-11	1.11278236545e-05
1.82556761906e-11	1.02600893115e-05
1.87009365855e-11	8.27974486128e-06
1.91461969804e-11	5.40594942322e-06
1.95914573753e-11	2.02649295034e-06
2.00367177702e-11	-1.34535167717e-06
2.04819781651e-11	-4.17724868385e-06
2.092723856e-11	-6.04444312557e-06
2.13724989549e-11	-6.719252724e-06
2.18177593498e-11	-6.21028357273e-06
2.22630197447e-11	-4.73150885227e-06
2.27082801395e-11	-2.63364256625e-06
2.31535405344e-11	-3.23212404396e-07
2.35988009293e-11	1.80888758905e-06
2.40440613242e-11	3.43863564467e-06
2.44893217191e-11	4.34248636338e-06
2.4934582114e-11	4.41857378064e-06
2.53798425089e-11	3.69873168893e-06
2.58251029038e-11	2.35091715695e-06
2.62703632987e-11	6.62911929794e-07
2.67156236936e-11	-1.00035671835e-06
2.71608840885e-11	-2.27082762194e-06
2.76061444834e-11	-2.87011437194e-06
2.80514048783e-11	-2.69495626526e-06
2.84966652732e-11	-1.85963853028e-06
2.8941925668e-11	-6.7292529593e-07
2.93871860629e-11	4.55004240507e-07
2.98324464578e-11	1.14822773867e-06
3.02777068527e-11	1.19569870094e-06
3.07229672476e-11	6.27688081067e-07
3.11682276425e-11	-2.94522550348e-07
3.16134880374e-11	-1.17485450346e-06
3.20587484323e-11	-1.6319183942e-06
3.25040088272e-11	-1.44614313058e-06
3.29492692221e-11	-6.47258076469e-07
3.3394529617e-11	4.94484098112e-07
3.38397900119e-11	1.57218215691e-06
3.42850504068e-11	2.19993739847e-06
3.47303108017e-11	2.16104456285e-06
3.51755711966e-11	1.48642629938e-06
3.56208315914e-11	4.3297561092e-07
3.60660919863e-11	-6.23979218517e-07
3.65113523812e-11	-1.336873936e-06
3.69566127761e-11	-1.50755766981e-06
3.7401873171e-11	-1.14042171617e-06
3.78471335659e-11	-4.17283544607e-07
3.82923939608e-11	3.85641044431e-07
3.87376543557e-11	9.9789301089e-07
3.91829147506e-11	1.23471886582e-06
3.96281751455e-11	1.03638654991e-06
4.00734355404e-11	4.66390119414e-07
4.05186959353e-11	-3.18355134254e-07
4.09639563302e-11	-1.11097762101e-06
4.14092167251e-11	-1.70046462244e-06
4.18544771199e-11	-1.91585883158e-06
4.22997375148e-11	-1.66647220112e-06
4.27449979097e-11	-9.73220352307e-07
4.31902583046e-11	2.07275476782e-08
4.36355186995e-11	1.07080029466e-06
4.40807790944e-11	1.88874014384e-06
4.45260394893e-11	2.22669086725e-06
4.49712998842e-11	1.96303477651e-06
4.54165602791e-11	1.1559302493e-06
4.5861820674e-11	3.8700028071e-08
4.63070810689e-11	-1.04894439801e-06
4.67523414638e-11	-1.77179583716e-06
4.71976018587e-11	-1.91274244798e-06
4.76428622536e-11	-1.44548107528e-06
4.80881226485e-11	-5.39835838254e-07
4.85333830433e-11	5.01276829823e-07
4.89786434382e-11	1.34835136123e-06
4.94239038331e-11	1.75429050842e-06
4.9869164228e-11	1.62867326026e-06
5.03144246229e-11	1.05329371536e-06
5.07596850178e-11	2.39323242113e-07
5.12049454127e-11	-5.53306790607e-07
5.16502058076e-11	-1.1043368886e-06
5.20954662025e-11	-1.29776503854e-06
5.25407265974e-11	-1.14480053526e-06
5.29859869923e-11	-7.61673987881e-07
5.34312473872e-11	-3.16059825423e-07
5.38765077821e-11	3.65413441727e-08
5.4321768177e-11	2.04229081646e-07
5.47670285718e-11	1.82372680513e-07
5.52122889667e-11	4.35392450981e-08
5.56575493616e-11	-9.98204221503e-08
5.61028097565e-11	-1.44948685943e-07
5.65480701514e-11	-4.09995930539e-08
5.69933305463e-11	1.92189425263e-07
5.74385909412e-11	4.75604153394e-07
5.78838513361e-11	7.07701531155e-07
5.8329111731e-11	8.07832520877e-07
5.87743721259e-11	7.470350738e-07
5.92196325208e-11	5.52361939299e-07
5.96648929157e-11	2.85100796305e-07
6.01101533106e-11	7.29157223489e-09
6.05554137055e-11	-2.43874403338e-07
6.10006741004e-11	-4.59997650637e-07
6.14459344952e-11	-6.44396550342e-07
6.18911948901e-11	-7.87476494679e-07
6.2336455285e-11	-8.52985124311e-07
6.27817156799e-11	-7.87624827581e-07
6.32269760748e-11	-5.51217169686e-07
6.36722364697e-11	-1.51930635184e-07
6.41174968646e-11	3.34876162356e-07
6.45627572595e-11	7.78841666715e-07
6.50080176544e-11	1.03648784489e-06
6.54532780493e-11	1.0071746317e-06
6.58985384442e-11	6.77692924e-07
6.63437988391e-11	1.3507953156e-07
6.6789059234e-11	-4.59820057586e-07
6.72343196289e-11	-9.26971921444e-07
6.76795800237e-11	-1.12849699008e-06
6.81248404186e-11	-1.01193714386e-06
6.85701008135e-11	-6.21555813041e-07
6.90153612084e-11	-7.62280158995e-08
6.94606216033e-11	4.73403474643e-07
6.99058819982e-11	8.91442738293e-07
7.03511423931e-11	1.09102217039e-06
7.0796402788e-11	1.04876562546e-06
7.12416631829e-11	7.99612990932e-07
7.16869235778e-11	4.18745187858e-07
7.21321839727e-11	-1.56254392758e-09
7.25774443676e-11	-3.73661322328e-07
7.30227047625e-11	-6.3128757688e-07
7.34679651574e-11	-7.39211742484e-07
7.39132255523e-11	-6.96386081245e-07
7.43584859471e-11	-5.32568179779e-07
7.4803746342e-11	-2.99388773328e-07
7.52490067369e-11	-5.78157735021e-08
7.56942671318e-11	1.36275573936e-07
7.61395275267e-11	2.44459094745e-07
7.65847879216e-11	2.53638141601e-07
7.70300483165e-11	1.77096580956e-07
7.74753087114e-11	4.91950000736e-08
7.79205691063e-11	-8.47005274807e-08
7.83658295012e-11	-1.80621022139e-07
7.88110898961e-11	-2.07115341766e-07
7.9256350291e-11	-1.5294511968e-07
7.97016106859e-11	-2.9540509594e-08
8.01468710808e-11	1.32373365602e-07
8.05921314756e-11	2.9096004539e-07
8.10373918705e-11	4.04382504371e-07
8.14826522654e-11	4.42114838961e-07
8.19279126603e-11	3.93138279264e-07
8.23731730552e-11	2.68807809789e-07
8.28184334501e-11	9.87973365341e-08
8.3263693845e-11	-7.85832199313e-08
8.37089542399e-11	-2.28227939658e-07
8.41542146348e-11	-3.27852688997e-07
8.45994750297e-11	-3.71455158188e-07
8.50447354246e-11	-3.6531056935e-07
8.54899958195e-11	-3.19778266089e-07
8.59352562144e-11	-2.42021634733e-07
8.63805166093e-11	-1.34277698294e-07
8.68257770041e-11	6.16224432592e-10
8.7271037399e-11	1.50232693841e-07
8.77162977939e-11	2.86611211209e-07
8.81615581888e-11	3.69736540051e-07
8.86068185837e-11	3.61026224027e-07
8.90520789786e-11	2.4227946227e-07
8.94973393735e-11	3.06321750188e-08
8.99425997684e-11	-2.19285240632e-07
9.03878601633e-11	-4.29834315696e-07
9.08331205582e-11	-5.26485735008e-07
9.12783809531e-11	-4.66585817094e-07
9.1723641348e-11	-2.57251201674e-07
9.21689017429e-11	4.44089174323e-08
9.26141621378e-11	3.50421430539e-07
9.30594225327e-11	5.72316480429e-07
9.35046829275e-11	6.51025203524e-07
9.39499433224e-11	5.74543037146e-07
9.43952037173e-11	3.77087474135e-07
9.48404641122e-11	1.22368955857e-07
9.52857245071e-11	-1.21076535464e-07
9.5730984902e-11	-3.01974608874e-07
9.61762452969e-11	-3.97574055455e-07
9.66215056918e-11	-4.11766009734e-07
9.70667660867e-11	-3.64442243495e-07
9.75120264816e-11	-2.79207682752e-07
9.79572868765e-11	-1.75453564566e-07
9.84025472714e-11	-6.7447487595e-08
9.88478076663e-11	3.24019415743e-08
9.92930680612e-11	1.10178898893e-07
9.9738328456e-11	1.51521852843e-07
1.00183588851e-10	1.46961653513e-07
1.00628849246e-10	9.87616246562e-08
1.01074109641e-10	2.42053106447e-08
1.01519370036e-10	-4.77419668243e-08
1.01964630431e-10	-8.63210090074e-08
1.02409890825e-10	-7.10646510527e-08
1.0285515122e-10	-8.92959622911e-10
1.03300411615e-10	1.03898859294e-07
1.0374567201e-10	2.08181987205e-07
1.04190932405e-10	2.73774205084e-07
1.046361928e-10	2.72531437417e-07
1.05081453195e-10	1.96088038251e-07
1.0552671359e-10	5.92788431675e-08
1.05971973985e-10	-1.03286208031e-07
1.06417234379e-10	-2.46759228162e-07
1.06862494774e-10	-3.29063794879e-07
1.07307755169e-10	-3.23984650663e-07
1.07753015564e-10	-2.30550384117e-07
1.08198275959e-10	-7.52685451744e-08
1.08643536354e-10	9.48031804171e-08
1.09088796749e-10	2.26634689682e-07
1.09534057144e-10	2.79031326045e-07
1.09979317539e-10	2.3702052232e-07
1.10424577933e-10	1.16873994926e-07
1.10869838328e-10	-4.04121127673e-08
1.11315098723e-10	-1.84641422152e-07
1.11760359118e-10	-2.7419545745e-07
1.12205619513e-10	-2.89005697596e-07
1.12650879908e-10	-2.33807519123e-07
1.13096140303e-10	-1.31932324621e-07
1.13541400698e-10	-1.35068871643e-08
1.13986661093e-10	9.54534833397e-08
1.14431921488e-10	1.79144599599e-07
1.14877181882e-10	2.31718935595e-07
1.15322442277e-10	2.53126749783e-07
1.15767702672e-10	2.44747745626e-07
1.16212963067e-10	2.07584243128e-07
1.16658223462e-10	1.43438349198e-07
1.17103483857e-10	5.79086822938e-08
1.17548744252e-10	-3.76121622736e-08
1.17994004647e-10	-1.26531649158e-07
1.18439265042e-10	-1.90802417421e-07
