% time-domain current integration by openEMS v0.0.36-82-g8a008a4 @Wed Aug 20 10:57:21 2025
% start-coordinates: (-4.975e-06,-0.000211795,0.000292173) m -> [80,53,41]
% stop-coordinates: (3.025e-06,-0.000211795,0.00029798) m -> [83,53,44]
% t/s	current
6.80826291885e-16	-0
4.45941221185e-13	-1.20922410973e-10
8.91201616078e-13	-1.52227938588e-10
1.33646201097e-12	-5.84996842634e-11
1.78172240586e-12	4.09830669401e-10
2.22698280076e-12	1.63850066848e-09
2.67224319565e-12	4.10649869664e-09
3.11750359054e-12	8.09531908175e-09
3.56276398544e-12	1.31773614243e-08
4.00802438033e-12	1.74410423881e-08
4.45328477522e-12	1.68548659474e-08
4.89854517012e-12	5.34681099396e-09
5.34380556501e-12	-2.36633184159e-08
5.7890659599e-12	-7.40175423175e-08
6.23432635479e-12	-1.42518004509e-07
6.67958674969e-12	-2.15457674813e-07
7.12484714458e-12	-2.6870324632e-07
7.57010753947e-12	-2.73308813803e-07
8.01536793437e-12	-2.06369989542e-07
8.46062832926e-12	-6.3401664363e-08
8.90588872415e-12	1.33847265715e-07
9.35114911905e-12	3.39730235055e-07
9.79640951394e-12	4.98642407365e-07
1.02416699088e-11	5.65946663755e-07
1.06869303037e-11	5.2656207572e-07
1.11321906986e-11	4.01911080417e-07
1.15774510935e-11	2.41131601797e-07
1.20227114884e-11	1.00361276623e-07
1.24679718833e-11	2.00728180744e-08
1.29132322782e-11	1.10495834704e-08
1.33584926731e-11	5.46446052851e-08
1.3803753068e-11	1.15385830668e-07
1.42490134629e-11	1.58258558258e-07
1.46942738578e-11	1.62074044852e-07
1.51395342527e-11	1.23979702948e-07
1.55847946475e-11	5.5500855467e-08
1.60300550424e-11	-2.5573587692e-08
1.64753154373e-11	-1.02555198112e-07
1.69205758322e-11	-1.6361627786e-07
1.73658362271e-11	-2.02002155447e-07
1.7811096622e-11	-2.14614715333e-07
1.82563570169e-11	-2.00919387794e-07
1.87016174118e-11	-1.62965221762e-07
1.91468778067e-11	-1.05973505526e-07
1.95921382016e-11	-3.8469988084e-08
2.00373985965e-11	2.87986274827e-08
2.04826589914e-11	8.50003729624e-08
2.09279193863e-11	1.2161062557e-07
2.13731797812e-11	1.34286992193e-07
2.18184401761e-11	1.23365069271e-07
2.22637005709e-11	9.32412831389e-08
2.27089609658e-11	5.10009385835e-08
2.31542213607e-11	4.78960782146e-09
2.35994817556e-11	-3.76011470848e-08
2.40447421505e-11	-6.97509392467e-08
2.44900025454e-11	-8.72688303843e-08
2.49352629403e-11	-8.82122037638e-08
2.53805233352e-11	-7.33151424015e-08
2.58257837301e-11	-4.60297826521e-08
2.6271044125e-11	-1.21809566878e-08
2.67163045199e-11	2.0908343501e-08
2.71615649148e-11	4.59137261544e-08
2.76068253097e-11	5.73679379556e-08
2.80520857046e-11	5.33499431299e-08
2.84973460994e-11	3.62941001697e-08
2.89426064943e-11	1.24776242671e-08
2.93878668892e-11	-9.87809656294e-09
2.98331272841e-11	-2.33333636857e-08
3.0278387679e-11	-2.38184298951e-08
3.07236480739e-11	-1.21102257111e-08
3.11689084688e-11	6.43804431988e-09
3.16141688637e-11	2.38656756579e-08
3.20594292586e-11	3.26139506512e-08
3.25046896535e-11	2.84427112973e-08
3.29499500484e-11	1.21234720041e-08
3.33952104433e-11	-1.08058380022e-08
3.38404708382e-11	-3.21695665662e-08
3.42857312331e-11	-4.43231087388e-08
3.4730991628e-11	-4.30831086362e-08
3.51762520228e-11	-2.92386133083e-08
3.56215124177e-11	-8.04658206732e-09
3.60667728126e-11	1.29596315901e-08
3.65120332075e-11	2.68980340223e-08
3.69572936024e-11	2.99335241039e-08
3.74025539973e-11	2.22884963819e-08
3.78478143922e-11	7.6905264379e-09
3.82930747871e-11	-8.31144575386e-09
3.8738335182e-11	-2.03468477622e-08
3.91835955769e-11	-2.47995437519e-08
3.96288559718e-11	-2.05608312598e-08
4.00741163667e-11	-8.97210039597e-09
4.05193767616e-11	6.78435796431e-09
4.09646371565e-11	2.25586749281e-08
4.14098975513e-11	3.41434862605e-08
4.18551579462e-11	3.81628701973e-08
4.23004183411e-11	3.2864598154e-08
4.2745678736e-11	1.8745803132e-08
4.31909391309e-11	-1.2535941174e-09
4.36361995258e-11	-2.21929319366e-08
4.40814599207e-11	-3.83037210838e-08
4.45267203156e-11	-4.46855388248e-08
4.49719807105e-11	-3.90118799487e-08
4.54172411054e-11	-2.2571164493e-08
4.58625015003e-11	-1.28003899147e-10
4.63077618952e-11	2.14885655936e-08
4.67530222901e-11	3.56162779269e-08
4.7198282685e-11	3.8023095783e-08
4.76435430799e-11	2.83163537063e-08
4.80888034747e-11	1.00078754173e-08
4.85340638696e-11	-1.07912194736e-08
4.89793242645e-11	-2.75127050031e-08
4.94245846594e-11	-3.52993545505e-08
4.98698450543e-11	-3.24566080678e-08
5.03151054492e-11	-2.07223500581e-08
5.07603658441e-11	-4.37748637339e-09
5.1205626239e-11	1.13797202772e-08
5.16508866339e-11	2.21959020053e-08
5.20961470288e-11	2.58311203538e-08
5.25414074237e-11	2.25870415704e-08
5.29866678186e-11	1.48374361686e-08
5.34319282135e-11	5.94549476318e-09
5.38771886084e-11	-1.00828534411e-09
5.43224490032e-11	-4.23841628461e-09
5.47677093981e-11	-3.70745012468e-09
5.5212969793e-11	-9.0363111438e-10
5.56582301879e-11	1.91750615386e-09
5.61034905828e-11	2.7268467484e-09
5.65487509777e-11	5.52150658528e-10
5.69940113726e-11	-4.16420542493e-09
5.74392717675e-11	-9.81708847547e-09
5.78845321624e-11	-1.4379598845e-08
5.83297925573e-11	-1.62699578254e-08
5.87750529522e-11	-1.49501122593e-08
5.92203133471e-11	-1.09929478853e-08
5.9665573742e-11	-5.63308644175e-09
6.01108341369e-11	-9.76528788388e-11
6.05560945317e-11	4.89490492583e-09
6.10013549266e-11	9.19325060522e-09
6.14466153215e-11	1.28641701735e-08
6.18918757164e-11	1.56974220289e-08
6.23371361113e-11	1.69477178957e-08
6.27823965062e-11	1.55424224602e-08
6.32276569011e-11	1.06967847913e-08
6.3672917296e-11	2.61673815949e-09
6.41181776909e-11	-7.14534387214e-09
6.45634380858e-11	-1.59535016309e-08
6.50086984807e-11	-2.09465014223e-08
6.54539588756e-11	-2.01562642133e-08
6.58992192705e-11	-1.33857573914e-08
6.63444796654e-11	-2.43769915365e-09
6.67897400603e-11	9.43626599081e-09
6.72350004551e-11	1.86434654381e-08
6.768026085e-11	2.24715908104e-08
6.81255212449e-11	1.99362961695e-08
6.85707816398e-11	1.19832979095e-08
6.90160420347e-11	1.02628505694e-09
6.94613024296e-11	-9.91730342292e-09
6.99065628245e-11	-1.81532229249e-08
7.03518232194e-11	-2.19843858673e-08
7.07970836143e-11	-2.09869153167e-08
7.12423440092e-11	-1.58921267257e-08
7.16876044041e-11	-8.22253376498e-09
7.2132864799e-11	1.73423234107e-10
7.25781251939e-11	7.55364126803e-09
7.30233855888e-11	1.2612099809e-08
7.34686459836e-11	1.46673730939e-08
7.39139063785e-11	1.37208724382e-08
7.43591667734e-11	1.03849311373e-08
7.48044271683e-11	5.70153479984e-09
7.52496875632e-11	8.89476881039e-10
7.56949479581e-11	-2.94284152602e-09
7.6140208353e-11	-5.04191710604e-09
7.65854687479e-11	-5.16440801235e-09
7.70307291428e-11	-3.59098262237e-09
7.74759895377e-11	-1.01889618964e-09
7.79212499326e-11	1.64322211393e-09
7.83665103275e-11	3.52152640382e-09
7.88117707224e-11	3.9984842104e-09
7.92570311173e-11	2.8642985761e-09
7.97022915122e-11	3.61006280425e-10
8.0147551907e-11	-2.88665513715e-09
8.05928123019e-11	-6.03795013987e-09
8.10380726968e-11	-8.26058066394e-09
8.14833330917e-11	-8.95571083959e-09
8.19285934866e-11	-7.91810972345e-09
8.23738538815e-11	-5.38894928681e-09
8.28191142764e-11	-1.97291005755e-09
8.32643746713e-11	1.56303681109e-09
8.37096350662e-11	4.52384618654e-09
8.41548954611e-11	6.47507469864e-09
8.4600155856e-11	7.30862081966e-09
8.50454162509e-11	7.15660819495e-09
8.54906766458e-11	6.22610318857e-09
8.59359370407e-11	4.65517091541e-09
8.63811974355e-11	2.485136541e-09
8.68264578304e-11	-2.26086024901e-10
8.72717182253e-11	-3.22210214065e-09
8.77169786202e-11	-5.93261484383e-09
8.81622390151e-11	-7.55178763967e-09
8.860749941e-11	-7.31294669265e-09
8.90527598049e-11	-4.86938223077e-09
8.94980201998e-11	-5.88676218882e-10
8.99432805947e-11	4.41489511616e-09
9.03885409896e-11	8.57955484435e-09
9.08338013845e-11	1.04252899646e-08
9.12790617794e-11	9.12529252162e-09
9.17243221743e-11	4.8558854715e-09
9.21695825692e-11	-1.21276921838e-09
9.26148429641e-11	-7.30923321868e-09
9.30601033589e-11	-1.16731602162e-08
9.35053637538e-11	-1.3148577338e-08
9.39506241487e-11	-1.15266765022e-08
9.43958845436e-11	-7.5173050007e-09
9.48411449385e-11	-2.40673103669e-09
9.52864053334e-11	2.43877584793e-09
9.57316657283e-11	6.00852523291e-09
9.61769261232e-11	7.86574805289e-09
9.66221865181e-11	8.10212608116e-09
9.7067446913e-11	7.12209047293e-09
9.75127073079e-11	5.397049474e-09
9.79579677028e-11	3.31261151842e-09
9.84032280977e-11	1.15223841579e-09
9.88484884926e-11	-8.35028546309e-10
9.92937488874e-11	-2.36985964186e-09
9.97390092823e-11	-3.16716364246e-09
1.00184269677e-10	-3.04436076348e-09
1.00629530072e-10	-2.05609351767e-09
1.01074790467e-10	-5.58068535828e-10
1.01520050862e-10	8.66090699159e-10
1.01965311257e-10	1.60536284266e-09
1.02410571652e-10	1.26171240122e-09
1.02855832047e-10	-1.71881064936e-10
1.03301092441e-10	-2.27680940768e-09
1.03746352836e-10	-4.34562030804e-09
1.04191613231e-10	-5.61779511798e-09
1.04636873626e-10	-5.54215073834e-09
1.05082134021e-10	-3.96656352208e-09
1.05527394416e-10	-1.2024866658e-09
1.05972654811e-10	2.04854910812e-09
1.06417915206e-10	4.8875641312e-09
1.06863175601e-10	6.48054943042e-09
1.07308435996e-10	6.31763352743e-09
1.0775369639e-10	4.39805392105e-09
1.08198956785e-10	1.26756660723e-09
1.0864421718e-10	-2.12392348153e-09
1.09089477575e-10	-4.71856598239e-09
1.0953473797e-10	-5.70602853855e-09
1.09979998365e-10	-4.80719908325e-09
1.1042525876e-10	-2.36684205568e-09
1.10870519155e-10	7.84402653942e-10
1.1131577955e-10	3.64310648315e-09
1.11761039944e-10	5.38850031262e-09
1.12206300339e-10	5.63541213694e-09
1.12651560734e-10	4.49400605618e-09
1.13096821129e-10	2.43884645812e-09
1.13542081524e-10	7.19114073844e-11
1.13987341919e-10	-2.09254324979e-09
1.14432602314e-10	-3.74603459363e-09
1.14877862709e-10	-4.77731765258e-09
1.15323123104e-10	-5.18747977907e-09
1.15768383498e-10	-5.00342345333e-09
1.16213643893e-10	-4.24411172872e-09
1.16658904288e-10	-2.94694713077e-09
1.17104164683e-10	-1.22669963076e-09
1.17549425078e-10	6.85101420039e-10
1.17994685473e-10	2.45418063649e-09
1.18439945868e-10	3.71984576475e-09
