% time-domain current integration by openEMS v0.0.36-82-g8a008a4 @Tue Aug 19 09:42:44 2025
% start-coordinates: (-3.55e-06,-0.00025558,0.000193577) m -> [53,50,29]
% stop-coordinates: (2.95e-06,-0.00025558,0.00019798) m -> [64,50,36]
% t/s	current
4.7745280647e-16	-0
6.94693833414e-13	8.10655709227e-11
1.38891021402e-12	5.95988397523e-11
2.08312659463e-12	-2.96786137333e-11
2.77734297524e-12	-1.70922373477e-10
3.47155935584e-12	-3.28083338275e-10
4.16577573645e-12	-4.11633810371e-10
4.85999211706e-12	-3.08698011597e-10
5.55420849767e-12	7.30126653581e-11
6.24842487827e-12	7.1685796188e-10
6.94264125888e-12	1.4334199383e-09
7.63685763949e-12	1.84099036016e-09
8.3310740201e-12	1.47439338516e-09
9.0252904007e-12	5.15586867905e-13
9.71950678131e-12	-2.48645304346e-09
1.04137231619e-11	-5.23747489822e-09
1.11079395425e-11	-6.87532475396e-09
1.18021559231e-11	-5.80621106749e-09
1.24963723037e-11	-9.98634841487e-10
1.31905886843e-11	7.10251857328e-09
1.3884805065e-11	1.60171360619e-08
1.45790214456e-11	2.14984776647e-08
1.52732378262e-11	1.89460696021e-08
1.59674542068e-11	5.70050984194e-09
1.66616705874e-11	-1.66145461833e-08
1.7355886968e-11	-4.09949052482e-08
1.80501033486e-11	-5.63373561135e-08
1.87443197292e-11	-5.14238891469e-08
1.94385361098e-11	-2.05688852617e-08
2.01327524904e-11	3.14059995787e-08
2.0826968871e-11	8.7726782283e-08
2.15211852516e-11	1.23761537907e-07
2.22154016322e-11	1.16389820448e-07
2.29096180129e-11	5.56108474825e-08
2.36038343935e-11	-4.68089496053e-08
2.42980507741e-11	-1.56791230665e-07
2.49922671547e-11	-2.27964164878e-07
2.56864835353e-11	-2.20071953549e-07
2.63806999159e-11	-1.18826228857e-07
2.70749162965e-11	5.2010246776e-08
2.77691326771e-11	2.3367802271e-07
2.84633490577e-11	3.52130086867e-07
2.91575654383e-11	3.48137007222e-07
2.98517818189e-11	2.05522212582e-07
3.05459981995e-11	-3.57628948677e-08
3.12402145801e-11	-2.89779478635e-07
3.19344309608e-11	-4.56176138641e-07
3.26286473414e-11	-4.6131916065e-07
3.3322863722e-11	-2.91496462523e-07
3.40170801026e-11	-2.83333201345e-09
3.47112964832e-11	2.98027202916e-07
3.54055128638e-11	4.95628682984e-07
3.60997292444e-11	5.12610483838e-07
3.6793945625e-11	3.41744737398e-07
3.74881620056e-11	4.91269815939e-08
3.81823783862e-11	-2.52931357636e-07
3.88765947668e-11	-4.51587936823e-07
3.95708111474e-11	-4.7813097126e-07
4.0265027528e-11	-3.32987269758e-07
4.09592439086e-11	-8.15702634327e-08
4.16534602893e-11	1.75681961423e-07
4.23476766699e-11	3.44994276702e-07
4.30418930505e-11	3.74727676444e-07
4.37361094311e-11	2.70755833753e-07
4.44303258117e-11	8.75992967053e-08
4.51245421923e-11	-9.84044277175e-08
4.58187585729e-11	-2.20912511395e-07
4.65129749535e-11	-2.4703419399e-07
4.72071913341e-11	-1.84330517072e-07
4.79014077147e-11	-7.1151205816e-08
4.85956240953e-11	4.31360831499e-08
4.92898404759e-11	1.18502370583e-07
4.99840568565e-11	1.371490157e-07
5.06782732372e-11	1.05385758786e-07
5.13724896178e-11	4.6027277989e-08
5.20667059984e-11	-1.3719144043e-08
5.2760922379e-11	-5.32067900849e-08
5.34551387596e-11	-6.42194493139e-08
5.41493551402e-11	-5.07489303914e-08
5.48435715208e-11	-2.43012738821e-08
5.55377879014e-11	2.31719710087e-09
5.6232004282e-11	1.99741858609e-08
5.69262206626e-11	2.54138701195e-08
5.76204370432e-11	2.06522461355e-08
5.83146534238e-11	1.06228377206e-08
5.90088698044e-11	4.89992935115e-10
5.97030861851e-11	-6.26669294235e-09
6.03973025657e-11	-8.52908055293e-09
6.10915189463e-11	-7.13067871416e-09
6.17857353269e-11	-3.87856413653e-09
6.24799517075e-11	-5.66799940316e-10
6.31741680881e-11	1.65435787292e-09
6.38683844687e-11	2.44658648896e-09
6.45626008493e-11	2.0986030691e-09
6.52568172299e-11	1.18228571377e-09
6.59510336105e-11	2.41283076852e-10
6.66452499911e-11	-3.89143273161e-10
6.73394663717e-11	-6.16958206745e-10
