% time-domain voltage integration by openEMS v0.0.36-82-g8a008a4 @Tue Aug 19 09:42:44 2025
% start-coordinates: (-5e-08,-0.00025208,0.00019648) m -> [59,56,33]
% stop-coordinates: (-5e-08,-0.00025808,0.00019648) m -> [59,46,33]
% t/s	voltage
0	-0
6.94216380607e-13	4.04273861609e-09
1.38843276121e-12	2.51646901928e-09
2.08264914182e-12	-1.73456957131e-09
2.77686552243e-12	-9.31326554765e-09
3.47108190304e-12	-1.77517333055e-08
4.16529828364e-12	-2.22659211069e-08
4.85951466425e-12	-1.65726101731e-08
5.55373104486e-12	4.02308025782e-09
6.24794742547e-12	3.87451184469e-08
6.94216380607e-12	7.70759820412e-08
7.63638018668e-12	9.8838683904e-08
8.33059656729e-12	7.89574445825e-08
9.0248129479e-12	-3.20637684806e-10
9.7190293285e-12	-1.33604748598e-07
1.04132457091e-11	-2.80765339866e-07
1.11074620897e-11	-3.68038648446e-07
1.18016784703e-11	-3.10258169378e-07
1.24958948509e-11	-5.27757526569e-08
1.31901112315e-11	3.80317242588e-07
1.38843276121e-11	8.55946090894e-07
1.45785439928e-11	1.14754453762e-06
1.52727603734e-11	1.01016402709e-06
1.5966976754e-11	3.03389711576e-07
1.66611931346e-11	-8.85081476554e-07
1.73554095152e-11	-2.1814884974e-06
1.80496258958e-11	-2.9955413936e-06
1.87438422764e-11	-2.73264049611e-06
1.9438058657e-11	-1.09382123981e-06
2.01322750376e-11	1.66189298056e-06
2.08264914182e-11	4.64362278763e-06
2.15207077988e-11	6.54762618524e-06
2.22149241794e-11	6.15532047732e-06
2.290914056e-11	2.94494802233e-06
2.36033569407e-11	-2.45520003261e-06
2.42975733213e-11	-8.2440509459e-06
2.49917897019e-11	-1.19823002933e-05
2.56860060825e-11	-1.15627884725e-05
2.63802224631e-11	-6.25015161404e-06
2.70744388437e-11	2.69381132512e-06
2.77686552243e-11	1.21839003668e-05
2.84628716049e-11	1.83537381417e-05
2.91570879855e-11	1.81321628361e-05
2.98513043661e-11	1.07074063749e-05
3.05455207467e-11	-1.81251186859e-06
3.12397371273e-11	-1.49508949789e-05
3.19339535079e-11	-2.35194238485e-05
3.26281698886e-11	-2.3749809543e-05
3.33223862692e-11	-1.49904991531e-05
3.40166026498e-11	-1.81752650263e-07
3.47108190304e-11	1.5177868363e-05
3.5405035411e-11	2.51967906024e-05
3.60992517916e-11	2.59884582192e-05
3.67934681722e-11	1.72715640474e-05
3.74876845528e-11	2.47726546831e-06
3.81819009334e-11	-1.26808140521e-05
3.8876117314e-11	-2.25454136853e-05
3.95703336946e-11	-2.37542224113e-05
4.02645500752e-11	-1.64436987689e-05
4.09587664558e-11	-3.96897959831e-06
4.16529828364e-11	8.65081881329e-06
4.23471992171e-11	1.68265402181e-05
4.30414155977e-11	1.81259154033e-05
4.37356319783e-11	1.2965066162e-05
4.44298483589e-11	4.09577222626e-06
4.51240647395e-11	-4.75840005265e-06
4.58182811201e-11	-1.04566436221e-05
4.65124975007e-11	-1.15346513212e-05
4.72067138813e-11	-8.47215585509e-06
4.79009302619e-11	-3.16271265888e-06
4.85951466425e-11	2.0639364493e-06
4.92893630231e-11	5.39783536624e-06
4.99835794037e-11	6.11093707903e-06
5.06777957843e-11	4.58575001971e-06
5.1372012165e-11	1.91499549373e-06
5.20662285456e-11	-6.74409275092e-07
5.27604449262e-11	-2.30701473924e-06
5.34546613068e-11	-2.68777900203e-06
5.41488776874e-11	-2.05139136256e-06
5.4843094068e-11	-9.25929256823e-07
5.55373104486e-11	1.4650023239e-07
5.62315268292e-11	8.12348986301e-07
5.69257432098e-11	9.76753327109e-07
5.76199595904e-11	7.54732816688e-07
5.8314175971e-11	3.59451135523e-07
5.90083923516e-11	-9.31574695162e-09
5.97026087322e-11	-2.33530936811e-07
6.03968251129e-11	-2.90570094208e-07
6.10910414935e-11	-2.26179531992e-07
6.17852578741e-11	-1.11749172582e-07
6.24794742547e-11	-7.94976640073e-09
6.31736906353e-11	5.33431729899e-08
6.38679070159e-11	6.9123415436e-08
6.45621233965e-11	5.41560969403e-08
6.52563397771e-11	2.78667076081e-08
6.59505561577e-11	4.92274843111e-09
6.66447725383e-11	-8.20700629678e-09
6.73389889189e-11	-1.19069443194e-08
