% time-domain current integration by openEMS v0.0.36-82-g8a008a4 @Tue Aug 19 09:42:44 2025
% start-coordinates: (-3.55e-06,0.00025242,0.000193577) m -> [53,110,29]
% stop-coordinates: (2.95e-06,0.00025242,0.00019798) m -> [64,110,36]
% t/s	current
4.7745280647e-16	0
6.94693833414e-13	-1.09240949175e-33
1.38891021402e-12	-1.07402479038e-17
2.08312659463e-12	-7.4993137717e-15
2.77734297524e-12	-4.66852034461e-13
3.47155935584e-12	-5.54191449675e-11
4.16577573645e-12	-7.00991625857e-11
4.85999211706e-12	-3.7282593679e-11
5.55420849767e-12	6.24895898915e-11
6.24842487827e-12	2.06917108447e-10
6.94264125888e-12	3.50377060698e-10
7.63685763949e-12	3.93581806035e-10
8.3310740201e-12	2.28050328621e-10
9.0252904007e-12	-2.13200568311e-10
9.71950678131e-12	-8.7790780201e-10
1.04137231619e-11	-1.53104340317e-09
1.11079395425e-11	-1.7725849677e-09
1.18021559231e-11	-1.15854037475e-09
1.24963723037e-11	5.45555156606e-10
1.31905886843e-11	3.10147263427e-09
1.3884805065e-11	5.61554447387e-09
1.45790214456e-11	6.65718857817e-09
1.52732378262e-11	4.75358019614e-09
1.59674542068e-11	-7.97519827955e-10
1.66616705874e-11	-9.08962771717e-09
1.7355886968e-11	-1.72392446984e-08
1.80501033486e-11	-2.09159978226e-08
1.87443197292e-11	-1.59605821892e-08
1.94385361098e-11	-6.92932600188e-10
2.01327524904e-11	2.20363745029e-08
2.0826968871e-11	4.42971774817e-08
2.15211852516e-11	5.49899539237e-08
2.22154016322e-11	4.42078800234e-08
2.29096180129e-11	8.71388738943e-09
2.36038343935e-11	-4.3928018556e-08
2.42980507741e-11	-9.52181764546e-08
2.49922671547e-11	-1.21033721712e-07
2.56864835353e-11	-1.01483664139e-07
2.63806999159e-11	-3.17320463239e-08
2.70749162965e-11	7.13325647439e-08
2.77691326771e-11	1.71081126155e-07
2.84633490577e-11	2.2308665848e-07
2.91575654383e-11	1.93699065676e-07
2.98517818189e-11	7.78182354111e-08
3.05459981995e-11	-9.28108505605e-08
3.12402145801e-11	-2.56658353237e-07
3.19344309608e-11	-3.44386762663e-07
3.26286473414e-11	-3.08081411049e-07
3.3322863722e-11	-1.45338219681e-07
3.40170801026e-11	9.35838571081e-08
3.47112964832e-11	3.21020536376e-07
3.54055128638e-11	4.45276924665e-07
3.60997292444e-11	4.08988114486e-07
3.6793945625e-11	2.15820634253e-07
3.74881620056e-11	-6.71709514677e-08
3.81823783862e-11	-3.34072808528e-07
3.88765947668e-11	-4.82135419588e-07
3.95708111474e-11	-4.53701289871e-07
4.0265027528e-11	-2.60003247377e-07
4.09592439086e-11	2.3532919613e-08
4.16534602893e-11	2.88409779614e-07
4.23476766699e-11	4.37064471726e-07
4.30418930505e-11	4.20937283252e-07
4.37361094311e-11	2.56951977917e-07
4.44303258117e-11	1.66730593776e-08
4.51245421923e-11	-2.0566733383e-07
4.58187585729e-11	-3.31562318934e-07
4.65129749535e-11	-3.26827461095e-07
4.72071913341e-11	-2.09717683219e-07
4.79014077147e-11	-3.75327680047e-08
4.85956240953e-11	1.20336324017e-07
4.92898404759e-11	2.10347252505e-07
4.99840568565e-11	2.12447147874e-07
5.06782732372e-11	1.41981360002e-07
5.13724896178e-11	3.76817759218e-08
5.20667059984e-11	-5.71291742801e-08
5.2760922379e-11	-1.11488745347e-07
5.34551387596e-11	-1.15640268916e-07
5.41493551402e-11	-7.99730628387e-08
5.48435715208e-11	-2.65951385359e-08
5.55377879014e-11	2.15575948204e-08
5.6232004282e-11	4.92980305467e-08
5.69262206626e-11	5.27116768012e-08
5.76204370432e-11	3.75576725276e-08
5.83146534238e-11	1.44939455993e-08
5.90088698044e-11	-6.18243278794e-09
5.97030861851e-11	-1.81482722184e-08
6.03973025657e-11	-2.01200958116e-08
6.10915189463e-11	-1.47324907829e-08
6.17857353269e-11	-6.32650509758e-09
6.24799517075e-11	1.17882104078e-09
6.31741680881e-11	5.54495427352e-09
6.38683844687e-11	6.43167696879e-09
6.45626008493e-11	4.83853312971e-09
6.52568172299e-11	2.2577690828e-09
6.59510336105e-11	-4.53097281916e-11
6.66452499911e-11	-1.39602607252e-09
6.73394663717e-11	-1.72122649467e-09
