% time-domain voltage integration by openEMS v0.0.36-82-g8a008a4 @Tue Aug 19 09:42:44 2025
% start-coordinates: (-5e-08,0.00024992,0.00019648) m -> [59,106,33]
% stop-coordinates: (-5e-08,0.00025592,0.00019648) m -> [59,116,33]
% t/s	voltage
0	-0
6.94216380607e-13	2.13521571166e-32
1.38843276121e-12	4.03650440815e-16
2.08264914182e-12	3.51459556987e-13
2.77686552243e-12	2.04152097788e-11
3.47108190304e-12	2.66034032304e-09
4.16529828364e-12	3.48780027082e-09
4.85951466425e-12	1.92259322351e-09
5.55373104486e-12	-3.0005215812e-09
6.24794742547e-12	-1.01995091817e-08
6.94216380607e-12	-1.74151666421e-08
7.63638018668e-12	-1.97178847694e-08
8.33059656729e-12	-1.16849843135e-08
9.0248129479e-12	1.01223908699e-08
9.7190293285e-12	4.32267013295e-08
1.04132457091e-11	7.60494160978e-08
1.11074620897e-11	8.87381323977e-08
1.18016784703e-11	5.90104867193e-08
1.24958948509e-11	-2.51891438818e-08
1.31901112315e-11	-1.52488868643e-07
1.38843276121e-11	-2.78839767276e-07
1.45785439928e-11	-3.33053101542e-07
1.52727603734e-11	-2.4116608266e-07
1.5966976754e-11	3.30649891911e-08
1.66611931346e-11	4.4612182748e-07
1.73554095152e-11	8.55623667917e-07
1.80496258958e-11	1.04581837235e-06
1.87438422764e-11	8.07552780202e-07
1.9438058657e-11	5.33982036366e-08
2.01322750376e-11	-1.07899150947e-06
2.08264914182e-11	-2.19742101137e-06
2.15207077988e-11	-2.74821911717e-06
2.22149241794e-11	-2.23234843588e-06
2.290914056e-11	-4.79319609781e-07
2.36033569407e-11	2.14374480834e-06
2.42975733213e-11	4.72056152034e-06
2.49917897019e-11	6.0462213014e-06
2.56860060825e-11	5.116900752e-06
2.63802224631e-11	1.67241702798e-06
2.70744388437e-11	-3.463996336e-06
2.77686552243e-11	-8.47539718052e-06
2.84628716049e-11	-1.11397059754e-05
2.91570879855e-11	-9.75510721446e-06
2.98513043661e-11	-4.03368360935e-06
3.05455207467e-11	4.47144478244e-06
3.12397371273e-11	1.27035951891e-05
3.19339535079e-11	1.71898851704e-05
3.26281698886e-11	1.55012580763e-05
3.33223862692e-11	7.4678174542e-06
3.40166026498e-11	-4.44360398433e-06
3.47108190304e-11	-1.58715757834e-05
3.5405035411e-11	-2.22167328729e-05
3.60992517916e-11	-2.05628656431e-05
3.67934681722e-11	-1.10301576797e-05
3.74876845528e-11	3.08092623413e-06
3.81819009334e-11	1.64933094311e-05
3.8876117314e-11	2.40453905462e-05
3.95703336946e-11	2.27965558679e-05
4.02645500752e-11	1.32408688387e-05
4.09587664558e-11	-8.99895177042e-07
4.16529828364e-11	-1.42121390354e-05
4.23471992171e-11	-2.17872046733e-05
4.30414155977e-11	-2.11389037759e-05
4.37356319783e-11	-1.30524470023e-05
4.44298483589e-11	-1.06703389946e-06
4.51240647395e-11	1.01088785414e-05
4.58182811201e-11	1.65190693906e-05
4.65124975007e-11	1.64050295552e-05
4.72067138813e-11	1.06332098539e-05
4.79009302619e-11	2.04311446339e-06
4.85951466425e-11	-5.89324434941e-06
4.92893630231e-11	-1.04732198452e-05
4.99835794037e-11	-1.06590982796e-05
5.06777957843e-11	-7.18856472304e-06
5.1372012165e-11	-1.98451844824e-06
5.20662285456e-11	2.78243459206e-06
5.27604449262e-11	5.54675918352e-06
5.34546613068e-11	5.79960857294e-06
5.41488776874e-11	4.04453345482e-06
5.4843094068e-11	1.38097786362e-06
5.55373104486e-11	-1.04037202675e-06
5.62315268292e-11	-2.45031226598e-06
5.69257432098e-11	-2.64251102067e-06
5.76199595904e-11	-1.89771346015e-06
5.8314175971e-11	-7.46787641503e-07
5.90083923516e-11	2.93042292654e-07
5.97026087322e-11	9.00936157677e-07
6.03968251129e-11	1.00820701476e-06
6.10910414935e-11	7.4384853832e-07
6.17852578741e-11	3.2437124986e-07
6.24794742547e-11	-5.31036685736e-08
6.31736906353e-11	-2.74816315482e-07
6.38679070159e-11	-3.22131556985e-07
6.45621233965e-11	-2.44139657823e-07
6.52563397771e-11	-1.15372536413e-07
6.59505561577e-11	4.65521361043e-10
6.66447725383e-11	6.90292045746e-08
6.73389889189e-11	8.61592339696e-08
