% time-domain voltage integration by openEMS v0.0.36-82-g8a008a4 @Wed Aug 20 10:57:33 2025
% start-coordinates: (2.75e-07,-0.000205795,0.00049648) m -> [82,55,51]
% stop-coordinates: (2.75e-07,-0.000211795,0.00049648) m -> [82,53,51]
% t/s	voltage
0	-0
4.45260394893e-13	-4.36013136706e-09
8.90520789786e-13	-4.5972206042e-09
1.33578118468e-12	9.3795965439e-10
1.78104157957e-12	2.02686845086e-08
2.22630197447e-12	6.60183765433e-08
2.67156236936e-12	1.51741929244e-07
3.11682276425e-12	2.80989922885e-07
3.56208315914e-12	4.27530139291e-07
4.00734355404e-12	5.12420854193e-07
4.45260394893e-12	3.90437421061e-07
4.89786434382e-12	-1.33856019602e-07
5.34312473872e-12	-1.242342762e-06
5.78838513361e-12	-2.98801137433e-06
6.2336455285e-12	-5.16036129738e-06
6.6789059234e-12	-7.20227194506e-06
7.12416631829e-12	-8.25443021313e-06
7.56942671318e-12	-7.37826849218e-06
8.01468710808e-12	-3.91950811718e-06
8.45994750297e-12	2.11543067508e-06
8.90520789786e-12	9.85020005828e-06
9.35046829275e-12	1.76376488525e-05
9.79572868765e-12	2.34848648688e-05
1.02409890825e-11	2.56644698311e-05
1.06862494774e-11	2.32779866565e-05
1.11315098723e-11	1.6553110072e-05
1.15767702672e-11	6.77313778397e-06
1.20220306621e-11	-4.10625261793e-06
1.2467291057e-11	-1.39932676575e-05
1.29125514519e-11	-2.11669703276e-05
1.33578118468e-11	-2.46232648351e-05
1.38030722417e-11	-2.42047226493e-05
1.42483326366e-11	-2.05204278245e-05
1.46935930315e-11	-1.47061377902e-05
1.51388534264e-11	-8.09773791843e-06
1.55841138213e-11	-1.90593232219e-06
1.60293742162e-11	3.02412775e-06
1.6474634611e-11	6.31384727967e-06
1.69198950059e-11	8.00886368779e-06
1.73651554008e-11	8.43444558996e-06
1.78104157957e-11	8.01978308118e-06
1.82556761906e-11	7.15033615961e-06
1.87009365855e-11	6.08421851211e-06
1.91461969804e-11	4.93237257615e-06
1.95914573753e-11	3.69089570995e-06
2.00367177702e-11	2.29922170547e-06
2.04819781651e-11	7.11152068789e-07
2.092723856e-11	-1.0454061794e-06
2.13724989549e-11	-2.82775704363e-06
2.18177593498e-11	-4.39111227024e-06
2.22630197447e-11	-5.43865075997e-06
2.27082801395e-11	-5.70781776332e-06
2.31535405344e-11	-5.06170431436e-06
2.35988009293e-11	-3.54970927674e-06
2.40440613242e-11	-1.41487652172e-06
2.44893217191e-11	9.56619061299e-07
2.4934582114e-11	3.12575207317e-06
2.53798425089e-11	4.69931660518e-06
2.58251029038e-11	5.40870723853e-06
2.62703632987e-11	5.15249394084e-06
2.67156236936e-11	4.00286137392e-06
2.71608840885e-11	2.1827229375e-06
2.76061444834e-11	2.46931497472e-08
2.80514048783e-11	-2.08210747132e-06
2.84966652732e-11	-3.75324168544e-06
2.8941925668e-11	-4.6773318445e-06
2.93871860629e-11	-4.68066059511e-06
2.98324464578e-11	-3.77469439172e-06
3.02777068527e-11	-2.16750549953e-06
3.07229672476e-11	-2.26204683429e-07
3.11682276425e-11	1.60792228598e-06
3.16134880374e-11	2.93167374821e-06
3.20587484323e-11	3.48513231074e-06
3.25040088272e-11	3.21551294746e-06
3.29492692221e-11	2.27759039717e-06
3.3394529617e-11	9.74594200898e-07
3.38397900119e-11	-3.38296203495e-07
3.42850504068e-11	-1.35344623686e-06
3.47303108017e-11	-1.8811741711e-06
3.51755711966e-11	-1.87659560424e-06
3.56208315914e-11	-1.42475465736e-06
3.60660919863e-11	-6.97937167615e-07
3.65113523812e-11	9.57378922806e-08
3.69566127761e-11	7.60694888413e-07
3.7401873171e-11	1.15206768214e-06
3.78471335659e-11	1.20101793755e-06
3.82923939608e-11	9.26930482592e-07
3.87376543557e-11	4.31748773622e-07
3.91829147506e-11	-1.26529567268e-07
3.96281751455e-11	-5.79474118467e-07
4.00734355404e-11	-8.02246745479e-07
4.05186959353e-11	-7.56869440011e-07
4.09639563302e-11	-5.05332693024e-07
4.14092167251e-11	-1.83112142338e-07
4.18544771199e-11	5.88847335337e-08
4.22997375148e-11	1.20328103037e-07
4.27449979097e-11	-4.83603512791e-09
4.31902583046e-11	-2.27095320326e-07
4.36355186995e-11	-4.04259296261e-07
4.40807790944e-11	-4.08697104604e-07
4.45260394893e-11	-1.88071965113e-07
4.49712998842e-11	2.08321459638e-07
4.54165602791e-11	6.477946215e-07
4.5861820674e-11	9.6916156167e-07
4.63070810689e-11	1.04823845959e-06
4.67523414638e-11	8.46828811518e-07
4.71976018587e-11	4.2556919766e-07
4.76428622536e-11	-8.19054797319e-08
4.80881226485e-11	-5.20812733384e-07
4.85333830433e-11	-7.71178747527e-07
4.89786434382e-11	-7.8571261497e-07
4.94239038331e-11	-5.98377937422e-07
4.9869164228e-11	-3.02393431184e-07
5.03144246229e-11	-1.09391722347e-08
5.07596850178e-11	1.84022297844e-07
5.12049454127e-11	2.39519195588e-07
5.16502058076e-11	1.67813176688e-07
5.20954662025e-11	2.37787443069e-08
5.25407265974e-11	-1.20299965545e-07
5.29859869923e-11	-2.01097371644e-07
5.34312473872e-11	-1.84477343623e-07
5.38765077821e-11	-7.45456212314e-08
5.4321768177e-11	9.01876795467e-08
5.47670285718e-11	2.50746325037e-07
5.52122889667e-11	3.47455269889e-07
5.56575493616e-11	3.40447968483e-07
5.61028097565e-11	2.23628326523e-07
5.65480701514e-11	2.83790564382e-08
5.69933305463e-11	-1.85568190147e-07
5.74385909412e-11	-3.49139469336e-07
5.78838513361e-11	-4.06304764056e-07
5.8329111731e-11	-3.33227760052e-07
5.87743721259e-11	-1.46725454897e-07
5.92196325208e-11	1.00914238743e-07
5.96648929157e-11	3.38213709483e-07
6.01101533106e-11	4.96817193607e-07
6.05554137055e-11	5.32388412466e-07
6.10006741004e-11	4.36652939584e-07
6.14459344952e-11	2.37556115223e-07
6.18911948901e-11	-1.19731962123e-08
6.2336455285e-11	-2.51350634528e-07
6.27817156799e-11	-4.29922124567e-07
6.32269760748e-11	-5.18356358725e-07
6.36722364697e-11	-5.12102261041e-07
6.41174968646e-11	-4.27474901699e-07
6.45627572595e-11	-2.92753128406e-07
6.50080176544e-11	-1.39081485884e-07
6.54532780493e-11	7.41563654927e-09
6.58985384442e-11	1.29953093619e-07
6.63437988391e-11	2.21634493869e-07
6.6789059234e-11	2.8278648756e-07
6.72343196289e-11	3.16413476753e-07
6.76795800237e-11	3.23960080095e-07
6.81248404186e-11	3.03638273635e-07
6.85701008135e-11	2.52230336173e-07
6.90153612084e-11	1.69798937577e-07
6.94606216033e-11	6.41564597004e-08
6.99058819982e-11	-4.77615493821e-08
7.03511423931e-11	-1.43497359772e-07
7.0796402788e-11	-2.02973787111e-07
7.12416631829e-11	-2.16349775428e-07
7.16869235778e-11	-1.87781360239e-07
7.21321839727e-11	-1.33481911746e-07
7.25774443676e-11	-7.47946877766e-08
7.30227047625e-11	-3.00969142941e-08
7.34679651574e-11	-9.094306197e-09
7.39132255523e-11	-1.11585807261e-08
7.43584859471e-11	-2.77342859789e-08
7.4803746342e-11	-4.62642493204e-08
7.52490067369e-11	-5.41728919501e-08
7.56942671318e-11	-4.24342641026e-08
7.61395275267e-11	-8.17857515045e-09
7.65847879216e-11	4.34829026119e-08
7.70300483165e-11	9.97396263358e-08
7.74753087114e-11	1.4315472896e-07
7.79205691063e-11	1.57470104512e-07
7.83658295012e-11	1.33852594786e-07
7.88110898961e-11	7.54178905993e-08
7.9256350291e-11	-3.0171678489e-09
7.97016106859e-11	-7.97970436395e-08
8.01468710808e-11	-1.33464801877e-07
8.05921314756e-11	-1.49573715191e-07
8.10373918705e-11	-1.24370945542e-07
8.14826522654e-11	-6.46961151318e-08
8.19279126603e-11	1.46897174425e-08
8.23731730552e-11	9.50659320154e-08
8.28184334501e-11	1.57726944394e-07
8.3263693845e-11	1.87214332925e-07
8.37089542399e-11	1.74497110095e-07
8.41542146348e-11	1.19349419236e-07
8.45994750297e-11	3.14379056121e-08
8.50447354246e-11	-7.04486708969e-08
8.54899958195e-11	-1.62441189389e-07
8.59352562144e-11	-2.21877918705e-07
8.63805166093e-11	-2.33942671457e-07
8.68257770041e-11	-1.96845235223e-07
8.7271037399e-11	-1.22786143919e-07
8.77162977939e-11	-3.44253567874e-08
8.81615581888e-11	4.2904092723e-08
8.86068185837e-11	8.96346179502e-08
8.90520789786e-11	9.86299220074e-08
8.94973393735e-11	7.69446764082e-08
8.99425997684e-11	4.25727293418e-08
9.03878601633e-11	1.68909775056e-08
9.08331205582e-11	1.65541749197e-08
9.12783809531e-11	4.66988314685e-08
9.1723641348e-11	9.87559793941e-08
9.21689017429e-11	1.53086119781e-07
9.26141621378e-11	1.85828497479e-07
9.30594225327e-11	1.77305771842e-07
9.35046829275e-11	1.19566109902e-07
9.39499433224e-11	2.00559213681e-08
9.43952037173e-11	-9.98492808435e-08
9.48404641122e-11	-2.10695802139e-07
9.52857245071e-11	-2.83890756236e-07
9.5730984902e-11	-3.00112816376e-07
9.61762452969e-11	-2.55084920298e-07
9.66215056918e-11	-1.60576490771e-07
9.70667660867e-11	-4.05224103162e-08
9.75120264816e-11	7.59170788456e-08
9.79572868765e-11	1.62826417238e-07
9.84025472714e-11	2.04142260429e-07
9.88478076663e-11	1.97087743459e-07
9.92930680612e-11	1.514835688e-07
9.9738328456e-11	8.54417194773e-08
1.00183588851e-10	1.93761744427e-08
1.00628849246e-10	-3.00995877112e-08
