% time-domain current integration by openEMS v0.0.36-82-g8a008a4 @Wed Aug 20 10:57:33 2025
% start-coordinates: (-4.975e-06,-0.000211795,0.000492173) m -> [80,53,49]
% stop-coordinates: (3.025e-06,-0.000211795,0.00049798) m -> [83,53,52]
% t/s	current
6.80826291885e-16	-0
4.45941221185e-13	-1.20922410973e-10
8.91201616078e-13	-1.52227938588e-10
1.33646201097e-12	-5.84996842634e-11
1.78172240586e-12	4.09830641646e-10
2.22698280076e-12	1.6385007795e-09
2.67224319565e-12	4.10649869664e-09
3.11750359054e-12	8.09531996993e-09
3.56276398544e-12	1.31773623124e-08
4.00802438033e-12	1.74410441645e-08
4.45328477522e-12	1.68548712765e-08
4.89854517012e-12	5.34681587894e-09
5.34380556501e-12	-2.36632846651e-08
5.7890659599e-12	-7.4017250995e-08
6.23432635479e-12	-1.42516825008e-07
6.67958674969e-12	-2.15455315811e-07
7.12484714458e-12	-2.68701938921e-07
7.57010753947e-12	-2.73314356036e-07
8.01536793437e-12	-2.0639340903e-07
8.46062832926e-12	-6.34613783745e-08
8.90588872415e-12	1.33729670893e-07
9.35114911905e-12	3.39546517125e-07
9.79640951394e-12	4.98425549722e-07
1.02416699088e-11	5.65806431041e-07
1.06869303037e-11	5.26721464666e-07
1.11321906986e-11	4.02707655667e-07
1.15774510935e-11	2.42929502292e-07
1.20227114884e-11	1.03355773717e-07
1.24679718833e-11	2.39897808285e-08
1.29132322782e-11	1.48460745919e-08
1.33584926731e-11	5.64023991956e-08
1.3803753068e-11	1.12610436531e-07
1.42490134629e-11	1.48708394931e-07
1.46942738578e-11	1.45023037135e-07
1.51395342527e-11	1.01486122617e-07
1.55847946475e-11	3.30197771348e-08
1.60300550424e-11	-3.98678317026e-08
1.64753154373e-11	-9.9977413015e-08
1.69205758322e-11	-1.38280157103e-07
1.73658362271e-11	-1.54095616267e-07
1.7811096622e-11	-1.52193550207e-07
1.82563570169e-11	-1.39047514836e-07
1.87016174118e-11	-1.1998440641e-07
1.91468778067e-11	-9.78626459869e-08
1.95921382016e-11	-7.32093994316e-08
2.00373985965e-11	-4.52281412322e-08
2.04826589914e-11	-1.32417490306e-08
2.09279193863e-11	2.1988769916e-08
2.13731797812e-11	5.75908103428e-08
2.18184401761e-11	8.86204816197e-08
2.22637005709e-11	1.09128535541e-07
2.27089609658e-11	1.13921238665e-07
2.31542213607e-11	1.00370925793e-07
2.35994817556e-11	6.96037218972e-08
2.40447421505e-11	2.66023683082e-08
2.44900025454e-11	-2.08378008182e-08
2.49352629403e-11	-6.39352322196e-08
2.53805233352e-11	-9.48870706452e-08
2.58257837301e-11	-1.08428231727e-07
2.6271044125e-11	-1.0265401329e-07
2.67163045199e-11	-7.91229837205e-08
2.71615649148e-11	-4.23838741881e-08
2.76068253097e-11	8.56311133113e-10
2.80520857046e-11	4.28022488563e-08
2.84973460994e-11	7.57983258382e-08
2.89426064943e-11	9.36946733532e-08
2.93878668892e-11	9.31315540242e-08
2.98331272841e-11	7.44699875099e-08
3.0278387679e-11	4.19908268157e-08
3.07236480739e-11	3.1108593479e-09
3.11689084688e-11	-3.33369847283e-08
3.16141688637e-11	-5.93581077624e-08
3.20594292586e-11	-6.98780340258e-08
3.25046896535e-11	-6.39838972916e-08
3.29499500484e-11	-4.48902177652e-08
3.33952104433e-11	-1.87246573802e-08
3.38404708382e-11	7.41427852446e-09
3.42857312331e-11	2.7435261174e-08
3.4730991628e-11	3.7638617556e-08
3.51762520228e-11	3.72188679876e-08
3.56215124177e-11	2.79488361343e-08
3.60667728126e-11	1.33122108892e-08
3.65120332075e-11	-2.52449527949e-09
3.69572936024e-11	-1.56747770319e-08
3.74025539973e-11	-2.32858266003e-08
3.78478143922e-11	-2.40373658755e-08
3.82930747871e-11	-1.837473107e-08
3.8738335182e-11	-8.38255864721e-09
3.91835955769e-11	2.75702083385e-09
3.96288559718e-11	1.16890133128e-08
4.00741163667e-11	1.5963433242e-08
4.05193767616e-11	1.48866297067e-08
4.09646371565e-11	9.76019265408e-09
4.14098975513e-11	3.32237637402e-09
4.18551579462e-11	-1.41985345703e-09
4.23004183411e-11	-2.51373566407e-09
4.2745678736e-11	9.45480846393e-11
4.31909391309e-11	4.56300153218e-09
4.36361995258e-11	8.03270872041e-09
4.40814599207e-11	7.98345922703e-09
4.45267203156e-11	3.43069483932e-09
4.49719807105e-11	-4.57432447476e-09
4.54172411054e-11	-1.33391084844e-08
4.58625015003e-11	-1.96421403587e-08
4.63077618952e-11	-2.10415418422e-08
4.67530222901e-11	-1.68396816491e-08
4.7198282685e-11	-8.30778201788e-09
4.76435430799e-11	1.84634063594e-09
4.80888034747e-11	1.05329789335e-08
4.85340638696e-11	1.53889576637e-08
4.89793242645e-11	1.55223336407e-08
4.94245846594e-11	1.16618545931e-08
4.98698450543e-11	5.70125990862e-09
5.03151054492e-11	-9.42927402825e-11
5.07603658441e-11	-3.90808763129e-09
5.1205626239e-11	-4.91669016611e-09
5.16508866339e-11	-3.40111894204e-09
5.20961470288e-11	-4.82470341456e-10
5.25414074237e-11	2.38648389939e-09
5.29866678186e-11	3.94861343622e-09
5.34319282135e-11	3.54405882419e-09
5.38771886084e-11	1.28120258847e-09
5.43224490032e-11	-2.046502523e-09
5.47677093981e-11	-5.24728616114e-09
5.5212969793e-11	-7.13066183877e-09
5.56582301879e-11	-6.91667434438e-09
5.61034905828e-11	-4.50849535483e-09
5.65487509777e-11	-5.59658264176e-10
5.69940113726e-11	3.71944519628e-09
5.74392717675e-11	6.94502721998e-09
5.78845321624e-11	8.0110318379e-09
5.83297925573e-11	6.46519371372e-09
5.87750529522e-11	2.67130384479e-09
5.92203133471e-11	-2.30422680936e-09
5.9665573742e-11	-7.02413149867e-09
6.01108341369e-11	-1.01299812982e-08
6.05560945317e-11	-1.07542961203e-08
6.10013549266e-11	-8.75799788247e-09
6.14466153215e-11	-4.72112215988e-09
6.18918757164e-11	2.84619022795e-10
6.23371361113e-11	5.04807351476e-09
6.27823965062e-11	8.56636717117e-09
6.32276569011e-11	1.02687245374e-08
6.3672917296e-11	1.00817452164e-08
6.41181776909e-11	8.34282687379e-09
6.45634380858e-11	5.62400348514e-09
6.50086984807e-11	2.54704279889e-09
6.54539588756e-11	-3.70434211083e-10
6.58992192705e-11	-2.79975576056e-09
6.63444796654e-11	-4.60880666964e-09
6.67897400603e-11	-5.80897152602e-09
6.72350004551e-11	-6.46122622072e-09
6.768026085e-11	-6.59312071605e-09
6.81255212449e-11	-6.16714412871e-09
6.85707816398e-11	-5.11873521347e-09
6.90160420347e-11	-3.45267503477e-09
6.94613024296e-11	-1.33056454743e-09
6.99065628245e-11	9.03856378631e-10
7.03518232194e-11	2.80009837539e-09
7.07970836143e-11	3.9596197432e-09
7.12423440092e-11	4.19479206926e-09
7.16876044041e-11	3.59772989178e-09
7.2132864799e-11	2.49910825367e-09
7.25781251939e-11	1.32765687333e-09
7.30233855888e-11	4.47415854365e-10
7.34686459836e-11	4.63189868405e-11
7.39139063785e-11	1.05023573171e-10
7.43591667734e-11	4.47119313796e-10
7.48044271683e-11	8.18591527896e-10
7.52496875632e-11	9.67383506634e-10
7.56949479581e-11	7.15863979206e-10
7.6140208353e-11	1.2518854009e-11
7.65854687479e-11	-1.03426733844e-09
7.70307291428e-11	-2.16124718122e-09
7.74759895377e-11	-3.01713365403e-09
7.79212499326e-11	-3.27830274038e-09
7.83665103275e-11	-2.77585510133e-09
7.88117707224e-11	-1.58235224923e-09
7.92570311173e-11	-2.7000780084e-12
7.97022915122e-11	1.52531476338e-09
8.0147551907e-11	2.57460586184e-09
8.05928123019e-11	2.86390888782e-09
8.10380726968e-11	2.32776531384e-09
8.14833330917e-11	1.11107634204e-09
8.19285934866e-11	-4.84773998721e-10
8.23738538815e-11	-2.08274397728e-09
8.28191142764e-11	-3.31221494676e-09
8.32643746713e-11	-3.86873333369e-09
8.37096350662e-11	-3.57902263382e-09
8.41548954611e-11	-2.44773401548e-09
8.4600155856e-11	-6.75308808873e-10
8.50454162509e-11	1.35835442894e-09
8.54906766458e-11	3.17626835944e-09
8.59359370407e-11	4.33021263291e-09
8.63811974355e-11	4.53348381058e-09
8.68264578304e-11	3.76057496254e-09
8.72717182253e-11	2.2637944852e-09
8.77169786202e-11	5.00311292395e-10
8.81622390151e-11	-1.02623454179e-09
8.860749941e-11	-1.93239890756e-09
8.90527598049e-11	-2.08599959528e-09
8.94980201998e-11	-1.63714786172e-09
8.99432805947e-11	-9.50228895569e-10
9.03885409896e-11	-4.51385040456e-10
9.08338013845e-11	-4.66490068796e-10
9.12790617794e-11	-1.08873332572e-09
9.17243221743e-11	-2.13769335566e-09
9.21695825692e-11	-3.2158360419e-09
9.26148429641e-11	-3.84659504249e-09
9.30601033589e-11	-3.64334296066e-09
9.35053637538e-11	-2.45736608839e-09
9.39506241487e-11	-4.47781978163e-10
9.43958845436e-11	1.95093763367e-09
9.48411449385e-11	4.14816581085e-09
9.52864053334e-11	5.57723600636e-09
9.57316657283e-11	5.86041348782e-09
9.61769261232e-11	4.92319118806e-09
9.66221865181e-11	3.01000557812e-09
9.7067446913e-11	6.0484633968e-10
9.75127073079e-11	-1.70990022141e-09
9.79579677028e-11	-3.42071504456e-09
9.84032280977e-11	-4.21480628177e-09
9.88484884926e-11	-4.04495104078e-09
9.92937488874e-11	-3.11396153307e-09
9.97390092823e-11	-1.78725934052e-09
1.00184269677e-10	-4.72472394542e-10
1.00629530072e-10	5.03039165878e-10
