% time-domain voltage integration by openEMS v0.0.36-82-g8a008a4 @Tue Aug 19 10:19:17 2025
% start-coordinates: (-5e-08,-0.00025208,0.00059648) m -> [59,56,49]
% stop-coordinates: (-5e-08,-0.00025808,0.00059648) m -> [59,46,49]
% t/s	voltage
0	-0
6.94216380607e-13	4.04087277528e-09
1.38843276121e-12	2.51438314613e-09
2.08264914182e-12	-1.73854598773e-09
2.77686552243e-12	-9.31559956951e-09
3.47108190304e-12	-1.77545941282e-08
4.16529828364e-12	-2.22610856415e-08
4.85951466425e-12	-1.6556033211e-08
5.55373104486e-12	4.03423242035e-09
6.24794742547e-12	3.87433989335e-08
6.94216380607e-12	7.70886012802e-08
7.63638018668e-12	9.88397363955e-08
8.33059656729e-12	7.89654261979e-08
9.0248129479e-12	-3.15019741196e-10
9.7190293285e-12	-1.33608741848e-07
1.04132457091e-11	-2.80767759264e-07
1.11074620897e-11	-3.68041330745e-07
1.18016784703e-11	-3.10273421178e-07
1.24958948509e-11	-5.27773034165e-08
1.31901112315e-11	3.80258374122e-07
1.38843276121e-11	8.55845051717e-07
1.45785439928e-11	1.1474636139e-06
1.52727603734e-11	1.01014615694e-06
1.5966976754e-11	3.03441513694e-07
1.66611931346e-11	-8.84944370227e-07
1.73554095152e-11	-2.18135552643e-06
1.80496258958e-11	-2.99534877968e-06
1.87438422764e-11	-2.73251998806e-06
1.9438058657e-11	-1.09386300551e-06
2.01322750376e-11	1.66166366e-06
2.08264914182e-11	4.64323306915e-06
2.15207077988e-11	6.54719576687e-06
2.22149241794e-11	6.15498805701e-06
2.290914056e-11	2.9449398653e-06
2.36033569407e-11	-2.45468534388e-06
2.42975733213e-11	-8.24316430226e-06
2.49917897019e-11	-1.19812631283e-05
2.56860060825e-11	-1.1561927181e-05
2.63802224631e-11	-6.24993003839e-06
2.70744388437e-11	2.69307929557e-06
2.77686552243e-11	1.21822265555e-05
2.84628716049e-11	1.83514948731e-05
2.91570879855e-11	1.81301926432e-05
2.98513043661e-11	1.07065108637e-05
3.05455207467e-11	-1.81167372659e-06
3.12397371273e-11	-1.49482191318e-05
3.19339535079e-11	-2.35155232531e-05
3.26281698886e-11	-2.37459760228e-05
3.33223862692e-11	-1.49882484948e-05
3.40166026498e-11	-1.82263319104e-07
3.47108190304e-11	1.51743035985e-05
3.5405035411e-11	2.51909973485e-05
3.60992517916e-11	2.59822979842e-05
3.67934681722e-11	1.72673146608e-05
3.74876845528e-11	2.47673887088e-06
3.81819009334e-11	-1.26770227098e-05
3.8876117314e-11	-2.25383128054e-05
3.95703336946e-11	-2.37461417782e-05
4.02645500752e-11	-1.64374151836e-05
4.09587664558e-11	-3.96686462523e-06
4.16529828364e-11	8.64800176714e-06
4.23471992171e-11	1.6819746179e-05
4.30414155977e-11	1.81175641956e-05
4.37356319783e-11	1.29580085968e-05
4.44298483589e-11	4.09226771581e-06
4.51240647395e-11	-4.75760143104e-06
4.58182811201e-11	-1.0452282595e-05
4.65124975007e-11	-1.15287017479e-05
4.72067138813e-11	-8.46668012855e-06
4.79009302619e-11	-3.15913686677e-06
4.85951466425e-11	2.06522148005e-06
4.92893630231e-11	5.39738124417e-06
4.99835794037e-11	6.10965685155e-06
5.06777957843e-11	4.58431790662e-06
5.1372012165e-11	1.91346757106e-06
5.20662285456e-11	-6.76472517114e-07
5.27604449262e-11	-2.31006850981e-06
5.34546613068e-11	-2.6917325755e-06
5.41488776874e-11	-2.05534352915e-06
5.4843094068e-11	-9.28287150259e-07
5.55373104486e-11	1.4725519204e-07
5.62315268292e-11	8.16870368681e-07
5.69257432098e-11	9.84313103913e-07
5.76199595904e-11	7.63205328269e-07
5.8314175971e-11	3.65933292557e-07
5.90083923516e-11	-7.35132821283e-09
5.97026087322e-11	-2.37180394436e-07
6.03968251129e-11	-2.98935841414e-07
6.10910414935e-11	-2.36611194637e-07
6.17852578741e-11	-1.20712117635e-07
6.24794742547e-11	-1.23596611834e-08
6.31736906353e-11	5.49415446471e-08
6.38679070159e-11	7.60265619348e-08
6.45621233965e-11	6.38374086925e-08
6.52563397771e-11	3.68515100657e-08
6.59505561577e-11	1.01648660045e-08
6.66447725383e-11	-8.20074863572e-09
6.73389889189e-11	-1.66769879018e-08
6.80332052995e-11	-1.72999296e-08
6.87274216801e-11	-1.32405570952e-08
6.94216380607e-11	-7.23034931926e-09
7.01158544414e-11	-1.23459889534e-09
7.0810070822e-11	3.50597872956e-09
7.15042872026e-11	6.18605927594e-09
7.21985035832e-11	7.82946352196e-09
7.28927199638e-11	7.56318319084e-09
7.35869363444e-11	5.51134032856e-09
7.4281152725e-11	2.79813197612e-09
7.49753691056e-11	7.20213035044e-10
7.56695854862e-11	1.46427200226e-10
7.63638018668e-11	1.13731622731e-09
7.70580182474e-11	3.08992947895e-09
7.7752234628e-11	4.98091781709e-09
7.84464510086e-11	5.92520765785e-09
