% time-domain current integration by openEMS v0.0.36-82-g8a008a4 @Tue Aug 19 10:19:17 2025
% start-coordinates: (-3.55e-06,0.00025242,0.000593577) m -> [53,110,45]
% stop-coordinates: (2.95e-06,0.00025242,0.00059798) m -> [64,110,52]
% t/s	current
4.7745280647e-16	0
6.94693833414e-13	-1.09240242042e-33
1.38891021402e-12	-1.07402297059e-17
2.08312659463e-12	-7.48670568628e-15
2.77734297524e-12	-4.66998076494e-13
3.47155935584e-12	-5.541944334e-11
4.16577573645e-12	-7.00961927391e-11
4.85999211706e-12	-3.72832875684e-11
5.55420849767e-12	6.24708479391e-11
6.24842487827e-12	2.06876946129e-10
6.94264125888e-12	3.50560525053e-10
7.63685763949e-12	3.93737847881e-10
8.3310740201e-12	2.29049404443e-10
9.0252904007e-12	-2.13709050456e-10
9.71950678131e-12	-8.79870343251e-10
1.04137231619e-11	-1.53194312791e-09
1.11079395425e-11	-1.77168868465e-09
1.18021559231e-11	-1.15938980638e-09
1.24963723037e-11	5.46145517699e-10
1.31905886843e-11	3.10159498085e-09
1.3884805065e-11	5.61566881885e-09
1.45790214456e-11	6.65742883044e-09
1.52732378262e-11	4.75262895705e-09
1.59674542068e-11	-7.98130062041e-10
1.66616705874e-11	-9.09040132058e-09
1.7355886968e-11	-1.72398788578e-08
1.80501033486e-11	-2.09153938613e-08
1.87443197292e-11	-1.59584825354e-08
1.94385361098e-11	-6.90158485916e-10
2.01327524904e-11	2.20387921246e-08
2.0826968871e-11	4.42977352577e-08
2.15211852516e-11	5.49871401745e-08
2.22154016322e-11	4.42012755286e-08
2.29096180129e-11	8.70577565593e-09
2.36038343935e-11	-4.39349570058e-08
2.42980507741e-11	-9.52182972469e-08
2.49922671547e-11	-1.21025095723e-07
2.56864835353e-11	-1.01465346347e-07
2.63806999159e-11	-3.17105772751e-08
2.70749162965e-11	7.13484524795e-08
2.77691326771e-11	1.71081126155e-07
2.84633490577e-11	2.23064560601e-07
2.91575654383e-11	1.93657641034e-07
2.98517818189e-11	7.77706929966e-08
3.05459981995e-11	-9.28434999992e-08
3.12402145801e-11	-2.56656306874e-07
3.19344309608e-11	-3.44341515301e-07
3.26286473414e-11	-3.08001375515e-07
3.3322863722e-11	-1.45249217098e-07
3.40170801026e-11	9.36439619181e-08
3.47112964832e-11	3.21019825833e-07
3.54055128638e-11	4.45202573474e-07
3.60997292444e-11	4.08857971479e-07
3.6793945625e-11	2.15679037296e-07
3.74881620056e-11	-6.72682887171e-08
3.81823783862e-11	-3.34082102427e-07
3.88765947668e-11	-4.82041912164e-07
3.95708111474e-11	-4.53531328048e-07
4.0265027528e-11	-2.59815124082e-07
4.09592439086e-11	2.36710118173e-08
4.16534602893e-11	2.8844496569e-07
4.23476766699e-11	4.36980400309e-07
4.30418930505e-11	4.20761580244e-07
4.37361094311e-11	2.56744982607e-07
4.44303258117e-11	1.65048525957e-08
4.51245421923e-11	-2.0574198345e-07
4.58187585729e-11	-3.31525200181e-07
4.65129749535e-11	-3.26696522279e-07
4.72071913341e-11	-2.0954128388e-07
4.79014077147e-11	-3.73678901155e-08
4.85956240953e-11	1.20444582308e-07
4.92898404759e-11	2.10377322674e-07
4.99840568565e-11	2.12403350019e-07
5.06782732372e-11	1.41886999927e-07
5.13724896178e-11	3.7566948663e-08
5.20667059984e-11	-5.72372051977e-08
5.2760922379e-11	-1.11572781236e-07
5.34551387596e-11	-1.15690859559e-07
5.41493551402e-11	-7.99872594826e-08
5.48435715208e-11	-2.65719339865e-08
5.55377879014e-11	2.16184474766e-08
5.6232004282e-11	4.93912928334e-08
5.69262206626e-11	5.28249692877e-08
5.76204370432e-11	3.76671884794e-08
5.83146534238e-11	1.45705447707e-08
5.90088698044e-11	-6.16585804636e-09
5.97030861851e-11	-1.820582618e-08
6.03973025657e-11	-2.02439736086e-08
6.10915189463e-11	-1.48915448861e-08
6.17857353269e-11	-6.47266285014e-09
6.24799517075e-11	1.09203202037e-09
6.31741680881e-11	5.54837287225e-09
6.38683844687e-11	6.52641674037e-09
6.45626008493e-11	4.9949795411e-09
6.52568172299e-11	2.42295605801e-09
6.59510336105e-11	7.42887071303e-11
6.66452499911e-11	-1.36082423108e-09
6.73394663717e-11	-1.77848880067e-09
6.80336827523e-11	-1.45997147705e-09
6.87278991329e-11	-8.1487017134e-10
6.94221155136e-11	-1.86125004298e-10
7.01163318942e-11	2.37424552241e-10
7.08105482748e-11	4.15144391086e-10
7.15047646554e-11	3.98611643693e-10
7.2198981036e-11	2.74470807193e-10
7.28931974166e-11	1.2021172946e-10
7.35874137972e-11	-1.10992239705e-11
7.42816301778e-11	-9.3769166043e-11
7.49758465584e-11	-1.25374391424e-10
7.5670062939e-11	-1.34484562375e-10
7.63642793196e-11	-1.11290671123e-10
7.70584957002e-11	-7.04360042514e-11
7.77527120808e-11	-3.17479410816e-11
7.84469284615e-11	-1.33914606834e-11
