% time-domain voltage integration by openEMS v0.0.36-82-g8a008a4 @Tue Aug 19 10:19:17 2025
% start-coordinates: (-5e-08,0.00024992,0.00059648) m -> [59,106,49]
% stop-coordinates: (-5e-08,0.00025592,0.00059648) m -> [59,116,49]
% t/s	voltage
0	-0
6.94216380607e-13	2.1355761017e-32
1.38843276121e-12	4.03649941198e-16
2.08264914182e-12	3.50901621467e-13
2.77686552243e-12	2.04220039317e-11
3.47108190304e-12	2.66034282104e-09
4.16529828364e-12	3.48760076374e-09
4.85951466425e-12	1.92254330511e-09
5.55373104486e-12	-2.99974892148e-09
6.24794742547e-12	-1.01971699973e-08
6.94216380607e-12	-1.74232083205e-08
7.63638018668e-12	-1.97274573344e-08
8.33059656729e-12	-1.17362459751e-08
9.0248129479e-12	1.01446343548e-08
9.7190293285e-12	4.33211984063e-08
1.04132457091e-11	7.61019243178e-08
1.11074620897e-11	8.86922135734e-08
1.18016784703e-11	5.90453819171e-08
1.24958948509e-11	-2.52125602618e-08
1.31901112315e-11	-1.52493497829e-07
1.38843276121e-11	-2.78849856983e-07
1.45785439928e-11	-3.33062235569e-07
1.52727603734e-11	-2.41118433664e-07
1.5966976754e-11	3.30889300404e-08
1.66611931346e-11	4.4616152195e-07
1.73554095152e-11	8.55657070531e-07
1.80496258958e-11	1.04578625582e-06
1.87438422764e-11	8.07452174456e-07
1.9438058657e-11	5.3262171118e-08
2.01322750376e-11	-1.07911235148e-06
2.08264914182e-11	-2.19745227525e-06
2.15207077988e-11	-2.74808346035e-06
2.22149241794e-11	-2.232023121e-06
2.290914056e-11	-4.7891644428e-07
2.36033569407e-11	2.14408832733e-06
2.42975733213e-11	4.72057641332e-06
2.49917897019e-11	6.04580242225e-06
2.56860060825e-11	5.1160012049e-06
2.63802224631e-11	1.67135208073e-06
2.70744388437e-11	-3.46479151858e-06
2.77686552243e-11	-8.47541542726e-06
2.84628716049e-11	-1.11386258368e-05
2.91570879855e-11	-9.75306772943e-06
2.98513043661e-11	-4.0313152283e-06
3.05455207467e-11	4.47308454454e-06
3.12397371273e-11	1.27035286823e-05
3.19339535079e-11	1.71876798731e-05
3.26281698886e-11	1.54972981363e-05
3.33223862692e-11	7.46339321722e-06
3.40166026498e-11	-4.44662603627e-06
3.47108190304e-11	-1.58715954512e-05
3.5405035411e-11	-2.2213092393e-05
3.60992517916e-11	-2.05564341513e-05
3.67934681722e-11	-1.10231102326e-05
3.74876845528e-11	3.08581931563e-06
3.81819009334e-11	1.64938495573e-05
3.8876117314e-11	2.40408194259e-05
3.95703336946e-11	2.27881529327e-05
4.02645500752e-11	1.32315038854e-05
4.09587664558e-11	-9.06829050962e-07
4.16529828364e-11	-1.42139846275e-05
4.23471992171e-11	-2.17831218379e-05
4.30414155977e-11	-2.11302282196e-05
4.37356319783e-11	-1.3042145838e-05
4.44298483589e-11	-1.05859999167e-06
4.51240647395e-11	1.01126913137e-05
4.58182811201e-11	1.65173308915e-05
4.65124975007e-11	1.63985841937e-05
4.72067138813e-11	1.06244522158e-05
4.79009302619e-11	2.03487429928e-06
4.85951466425e-11	-5.89870336398e-06
4.92893630231e-11	-1.04747996943e-05
4.99835794037e-11	-1.06569855234e-05
5.06777957843e-11	-7.18390049315e-06
5.1372012165e-11	-1.97879455754e-06
5.20662285456e-11	2.78784870034e-06
5.27604449262e-11	5.55099339294e-06
5.34546613068e-11	5.80217181323e-06
5.41488776874e-11	4.04527452247e-06
5.4843094068e-11	1.37983555248e-06
5.55373104486e-11	-1.04339708429e-06
5.62315268292e-11	-2.45496080709e-06
5.69257432098e-11	-2.64815881224e-06
5.76199595904e-11	-1.90318185389e-06
5.8314175971e-11	-7.50621943268e-07
5.90083923516e-11	2.92187046114e-07
5.97026087322e-11	9.0376801154e-07
6.03968251129e-11	1.01434601874e-06
6.10910414935e-11	7.51753233885e-07
6.17852578741e-11	3.31662921127e-07
6.24794742547e-11	-4.87390408033e-08
6.31736906353e-11	-2.74928309452e-07
6.38679070159e-11	-3.26796804728e-07
6.45621233965e-11	-2.51895853509e-07
6.52563397771e-11	-1.23604547042e-07
6.59505561577e-11	-5.53106202505e-09
6.66447725383e-11	6.7213763888e-08
6.73389889189e-11	8.8940704579e-08
6.80332052995e-11	7.35060883272e-08
6.87274216801e-11	4.13640455221e-08
6.94216380607e-11	9.79089764819e-09
7.01158544414e-11	-1.16120379978e-08
7.0810070822e-11	-2.06986022766e-08
7.15042872026e-11	-2.00028131836e-08
7.21985035832e-11	-1.38486604406e-08
7.28927199638e-11	-6.13400330529e-09
7.35869363444e-11	4.64327656186e-10
7.4281152725e-11	4.64039123793e-09
7.49753691056e-11	6.24515300585e-09
7.56695854862e-11	6.72133487756e-09
7.63638018668e-11	5.58705182119e-09
7.70580182474e-11	3.55942350594e-09
7.7752234628e-11	1.6245398915e-09
7.84464510086e-11	6.83313041566e-10
