% time-domain current integration by openEMS v0.0.36-82-g8a008a4 @Tue Aug 19 10:19:17 2025
% start-coordinates: (-3.55e-06,-0.00025558,0.000593577) m -> [53,50,45]
% stop-coordinates: (2.95e-06,-0.00025558,0.00059798) m -> [64,50,52]
% t/s	current
4.7745280647e-16	-0
6.94693833414e-13	8.10964143061e-11
1.38891021402e-12	5.96518459628e-11
2.08312659463e-12	-2.96150950985e-11
2.77734297524e-12	-1.70890995799e-10
3.47155935584e-12	-3.28021748652e-10
4.16577573645e-12	-4.11606387862e-10
4.85999211706e-12	-3.09076875205e-10
5.55420849767e-12	7.28629379054e-11
6.24842487827e-12	7.16889991814e-10
6.94264125888e-12	1.43319611734e-09
7.63685763949e-12	1.84087212141e-09
8.3310740201e-12	1.47417800189e-09
9.0252904007e-12	3.5442281705e-13
9.71950678131e-12	-2.48648812651e-09
1.04137231619e-11	-5.23735854685e-09
1.11079395425e-11	-6.87518930675e-09
1.18021559231e-11	-5.80584957888e-09
1.24963723037e-11	-9.98549465336e-10
1.31905886843e-11	7.1036945215e-09
1.3884805065e-11	1.60192108467e-08
1.45790214456e-11	2.14997264436e-08
1.52732378262e-11	1.89464373079e-08
1.59674542068e-11	5.69967983921e-09
1.66616705874e-11	-1.66173013127e-08
1.7355886968e-11	-4.09975200455e-08
1.80501033486e-11	-5.6341271204e-08
1.87443197292e-11	-5.1426159331e-08
1.94385361098e-11	-2.05678567511e-08
2.01327524904e-11	3.1410525736e-08
2.0826968871e-11	8.77346124639e-08
2.15211852516e-11	1.237699081e-07
2.22154016322e-11	1.16396371652e-07
2.29096180129e-11	5.56110393291e-08
2.36038343935e-11	-4.68192915548e-08
2.42980507741e-11	-1.5680893739e-07
2.49922671547e-11	-2.27984898515e-07
2.56864835353e-11	-2.20088978153e-07
2.63806999159e-11	-1.18830385532e-07
2.70749162965e-11	5.20251823843e-08
2.77691326771e-11	2.33711574538e-07
2.84633490577e-11	3.52174765794e-07
2.91575654383e-11	3.48176001808e-07
2.98517818189e-11	2.05539620879e-07
3.05459981995e-11	-3.57800900019e-08
3.12402145801e-11	-2.89833053557e-07
3.19344309608e-11	-4.56253957282e-07
3.26286473414e-11	-4.61395160301e-07
3.3322863722e-11	-2.91540544595e-07
3.40170801026e-11	-2.82232637261e-09
3.47112964832e-11	2.98099052998e-07
3.54055128638e-11	4.95744416185e-07
3.60997292444e-11	5.12732924562e-07
3.6793945625e-11	3.4182841091e-07
3.74881620056e-11	4.91360019339e-08
3.81823783862e-11	-2.53008266782e-07
3.88765947668e-11	-4.51730244322e-07
3.95708111474e-11	-4.78291838135e-07
4.0265027528e-11	-3.33111330519e-07
4.09592439086e-11	-8.16106577872e-08
4.16534602893e-11	1.7573994171e-07
4.23476766699e-11	3.45130729329e-07
4.30418930505e-11	3.74894284505e-07
4.37361094311e-11	2.70895355925e-07
4.44303258117e-11	8.76673382777e-08
4.51245421923e-11	-9.84222126021e-08
4.58187585729e-11	-2.21000675538e-07
4.65129749535e-11	-2.47153167265e-07
4.72071913341e-11	-1.84439187478e-07
4.79014077147e-11	-7.12211232212e-08
4.85956240953e-11	4.31118998279e-08
4.92898404759e-11	1.1851255266e-07
4.99840568565e-11	1.37175163673e-07
5.06782732372e-11	1.05414365237e-07
5.13724896178e-11	4.60574369754e-08
5.20667059984e-11	-1.36784725768e-08
5.2760922379e-11	-5.31464472431e-08
5.34551387596e-11	-6.41411546098e-08
5.41493551402e-11	-5.0670738716e-08
5.48435715208e-11	-2.42549109686e-08
5.55377879014e-11	2.30149765912e-09
5.6232004282e-11	1.98835685694e-08
5.69262206626e-11	2.52632688102e-08
5.76204370432e-11	2.04840571172e-08
5.83146534238e-11	1.04947996959e-08
5.90088698044e-11	4.52362369785e-10
5.97030861851e-11	-6.19259399315e-09
6.03973025657e-11	-8.36162517004e-09
6.10915189463e-11	-6.92297774663e-09
6.17857353269e-11	-3.70105124325e-09
6.24799517075e-11	-4.80734729802e-10
6.31741680881e-11	1.62068325427e-09
6.38683844687e-11	2.30780106136e-09
6.45626008493e-11	1.90551752155e-09
6.52568172299e-11	1.0040196452e-09
6.59510336105e-11	1.38322200915e-10
6.66452499911e-11	-3.87453402695e-10
6.73394663717e-11	-5.20495258005e-10
6.80336827523e-11	-3.81656956039e-10
6.87278991329e-11	-1.479241174e-10
6.94221155136e-11	3.84414201859e-11
7.01163318942e-11	1.13847951899e-10
7.08105482748e-11	8.8517644603e-11
7.15047646554e-11	1.55459534135e-11
7.2198981036e-11	-2.4910830343e-11
7.28931974166e-11	-1.92004259714e-11
7.35874137972e-11	2.20732754991e-11
7.42816301778e-11	7.58976562154e-11
7.49758465584e-11	1.16780071724e-10
7.5670062939e-11	1.27822863405e-10
7.63642793196e-11	1.0770122294e-10
7.70584957002e-11	6.87991191795e-11
7.77527120808e-11	3.1415509083e-11
7.84469284615e-11	1.30999776998e-11
