% time-domain voltage integration by openEMS v0.0.36-82-g8a008a4 @Wed Aug 20 10:57:38 2025
% start-coordinates: (2.75e-07,-0.000205795,0.00039648) m -> [82,55,47]
% stop-coordinates: (2.75e-07,-0.000211795,0.00039648) m -> [82,53,47]
% t/s	voltage
0	-0
4.45260394893e-13	-4.36013136706e-09
8.90520789786e-13	-4.5972206042e-09
1.33578118468e-12	9.3795965439e-10
1.78104157957e-12	2.02686853967e-08
2.22630197447e-12	6.60183765433e-08
2.67156236936e-12	1.51741943455e-07
3.11682276425e-12	2.80989866042e-07
3.56208315914e-12	4.27530139291e-07
4.00734355404e-12	5.12420825771e-07
4.45260394893e-12	3.90437492115e-07
4.89786434382e-12	-1.33855998286e-07
5.34312473872e-12	-1.24234293253e-06
5.78838513361e-12	-2.98801137433e-06
6.2336455285e-12	-5.16036175213e-06
6.6789059234e-12	-7.20227126294e-06
7.12416631829e-12	-8.25442293717e-06
7.56942671318e-12	-7.37823347663e-06
8.01468710808e-12	-3.91942819533e-06
8.45994750297e-12	2.1154952492e-06
8.90520789786e-12	9.85004544418e-06
9.35046829275e-12	1.76368930624e-05
9.79572868765e-12	2.34829531109e-05
1.02409890825e-11	2.56608636846e-05
1.06862494774e-11	2.32726933973e-05
1.11315098723e-11	1.65475880749e-05
1.15767702672e-11	6.77132584315e-06
1.20220306621e-11	-4.09698600379e-06
1.2467291057e-11	-1.39628109537e-05
1.29125514519e-11	-2.11065434996e-05
1.33578118468e-11	-2.45326882578e-05
1.38030722417e-11	-2.41019397436e-05
1.42483326366e-11	-2.04487014344e-05
1.46935930315e-11	-1.47315408867e-05
1.51388534264e-11	-8.29032933325e-06
1.55841138213e-11	-2.30405669299e-06
1.60293742162e-11	2.45601336246e-06
1.6474634611e-11	5.7132974689e-06
1.69198950059e-11	7.60512921261e-06
1.73651554008e-11	8.48611171023e-06
1.78104157957e-11	8.70918347573e-06
1.82556761906e-11	8.47315277497e-06
1.87009365855e-11	7.78778871791e-06
1.91461969804e-11	6.54779501019e-06
1.95914573753e-11	4.66728056381e-06
2.00367177702e-11	2.1997203703e-06
2.04819781651e-11	-6.07901625926e-07
2.092723856e-11	-3.35070967594e-06
2.13724989549e-11	-5.56277655051e-06
2.18177593498e-11	-6.84903125148e-06
2.22630197447e-11	-6.9849643296e-06
2.27082801395e-11	-5.96622930971e-06
2.31535405344e-11	-3.99950931751e-06
2.35988009293e-11	-1.44918567457e-06
2.40440613242e-11	1.23697441268e-06
2.44893217191e-11	3.60661363175e-06
2.4934582114e-11	5.27400288775e-06
2.53798425089e-11	5.9772557961e-06
2.58251029038e-11	5.6177686929e-06
2.62703632987e-11	4.27666918767e-06
2.67156236936e-11	2.20605295453e-06
2.71608840885e-11	-2.08764248555e-07
2.76061444834e-11	-2.5111830837e-06
2.80514048783e-11	-4.25469920629e-06
2.84966652732e-11	-5.09114056513e-06
2.8941925668e-11	-4.85324108013e-06
2.93871860629e-11	-3.60858166459e-06
2.98324464578e-11	-1.66498318777e-06
3.02777068527e-11	4.88485923711e-07
3.07229672476e-11	2.30294824632e-06
3.11682276425e-11	3.32569311468e-06
3.16134880374e-11	3.34144181124e-06
3.20587484323e-11	2.44433658736e-06
3.25040088272e-11	1.00555803328e-06
3.29492692221e-11	-4.59191141999e-07
3.3394529617e-11	-1.47457041066e-06
3.38397900119e-11	-1.77000055146e-06
3.42850504068e-11	-1.35888046771e-06
3.47303108017e-11	-5.0339581037e-07
3.51755711966e-11	4.12131484495e-07
3.56208315914e-11	1.04062741002e-06
3.60660919863e-11	1.19660785458e-06
3.65113523812e-11	8.99396951581e-07
3.69566127761e-11	3.31532802988e-07
3.7401873171e-11	-2.57598649966e-07
3.78471335659e-11	-6.5499270363e-07
3.82923939608e-11	-7.53843039547e-07
3.87376543557e-11	-5.71695181861e-07
3.91829147506e-11	-2.2183385795e-07
3.96281751455e-11	1.40851454944e-07
4.00734355404e-11	3.76459709628e-07
4.05186959353e-11	4.01959923124e-07
4.09639563302e-11	2.10832894254e-07
4.14092167251e-11	-1.30042337787e-07
4.18544771199e-11	-5.02843448658e-07
4.22997375148e-11	-7.7471307236e-07
4.27449979097e-11	-8.39581304035e-07
4.31902583046e-11	-6.54151932622e-07
4.36355186995e-11	-2.56374306673e-07
4.40807790944e-11	2.42147656593e-07
4.45260394893e-11	6.9102964062e-07
4.49712998842e-11	9.5287364843e-07
4.54165602791e-11	9.52319339831e-07
4.5861820674e-11	7.03602495378e-07
4.63070810689e-11	3.03639041022e-07
4.67523414638e-11	-1.05721419175e-07
4.71976018587e-11	-3.9122316764e-07
4.76428622536e-11	-4.76093845236e-07
4.80881226485e-11	-3.62907613294e-07
4.85333830433e-11	-1.25338409873e-07
4.89786434382e-11	1.26395359956e-07
4.94239038331e-11	2.89778753881e-07
4.9869164228e-11	3.0734521772e-07
5.03144246229e-11	1.82329770837e-07
5.07596850178e-11	-2.99495583889e-08
5.12049454127e-11	-2.49030883026e-07
5.16502058076e-11	-4.02066078209e-07
5.20954662025e-11	-4.48576813028e-07
5.25407265974e-11	-3.9018635789e-07
5.29859869923e-11	-2.62655973415e-07
5.34312473872e-11	-1.17030126034e-07
5.38765077821e-11	1.15148190982e-09
5.4321768177e-11	6.73263045314e-08
5.47670285718e-11	8.29558821636e-08
5.52122889667e-11	7.01445550533e-08
5.56575493616e-11	5.94357310035e-08
5.61028097565e-11	7.5897233387e-08
5.65480701514e-11	1.28585817549e-07
5.69933305463e-11	2.06979557049e-07
5.74385909412e-11	2.8499148641e-07
5.78838513361e-11	3.31580267243e-07
5.8329111731e-11	3.22762858218e-07
5.87743721259e-11	2.51753114355e-07
5.92196325208e-11	1.32272894859e-07
5.96648929157e-11	-6.19987283734e-09
6.01101533106e-11	-1.28841996627e-07
6.05554137055e-11	-2.08382807898e-07
6.10006741004e-11	-2.35310032792e-07
6.14459344952e-11	-2.20859057265e-07
6.18911948901e-11	-1.90849569037e-07
6.2336455285e-11	-1.7218471271e-07
6.27817156799e-11	-1.77759133635e-07
6.32269760748e-11	-1.97557554316e-07
6.36722364697e-11	-2.01699862146e-07
6.41174968646e-11	-1.56407757856e-07
6.45627572595e-11	-4.55118662757e-08
6.50080176544e-11	1.13507443444e-07
6.54532780493e-11	2.69906379913e-07
6.58985384442e-11	3.59066333999e-07
6.63437988391e-11	3.32667994485e-07
6.6789059234e-11	1.8473159713e-07
6.72343196289e-11	-4.00901694064e-08
6.76795800237e-11	-2.61525130441e-07
6.81248404186e-11	-3.95401983155e-07
6.85701008135e-11	-3.86913654893e-07
6.90153612084e-11	-2.31025261144e-07
6.94606216033e-11	2.73845870424e-08
6.99058819982e-11	3.11194014557e-07
7.03511423931e-11	5.373403269e-07
7.0796402788e-11	6.41244696453e-07
7.12416631829e-11	5.92507404917e-07
7.16869235778e-11	4.00043376203e-07
7.21321839727e-11	1.078237446e-07
7.25774443676e-11	-2.16529763009e-07
7.30227047625e-11	-4.98116648373e-07
7.34679651574e-11	-6.7316986474e-07
7.39132255523e-11	-7.05315954974e-07
7.43584859471e-11	-5.94672314946e-07
7.4803746342e-11	-3.76326809715e-07
7.52490067369e-11	-1.08548594113e-07
7.56942671318e-11	1.45306408683e-07
7.61395275267e-11	3.34161654791e-07
7.65847879216e-11	4.3019417717e-07
7.70300483165e-11	4.30666318607e-07
7.74753087114e-11	3.52182766505e-07
7.79205691063e-11	2.22031587782e-07
7.83658295012e-11	6.99495359413e-08
7.88110898961e-11	-7.64341550052e-08
7.9256350291e-11	-1.93026735928e-07
7.97016106859e-11	-2.59927205093e-07
8.01468710808e-11	-2.62706407739e-07
8.05921314756e-11	-1.96182639911e-07
8.10373918705e-11	-6.86301468988e-08
8.14826522654e-11	9.53502272694e-08
8.19279126603e-11	2.56702762158e-07
8.23731730552e-11	3.69840023495e-07
8.28184334501e-11	3.95571120748e-07
8.3263693845e-11	3.14982756322e-07
8.37089542399e-11	1.39294819235e-07
8.41542146348e-11	-8.96696263908e-08
8.45994750297e-11	-3.10192405095e-07
8.50447354246e-11	-4.59515717921e-07
8.54899958195e-11	-4.94616600122e-07
8.59352562144e-11	-4.07131011571e-07
8.63805166093e-11	-2.26112305768e-07
8.68257770041e-11	-7.89730503215e-09
8.7271037399e-11	1.83198650916e-07
8.77162977939e-11	2.9577471139e-07
8.81615581888e-11	3.06734222022e-07
8.86068185837e-11	2.25799468012e-07
8.90520789786e-11	8.92932341401e-08
8.94973393735e-11	-5.334063502e-08
8.99425997684e-11	-1.55320186934e-07
9.03878601633e-11	-1.86015469694e-07
9.08331205582e-11	-1.38203432698e-07
9.12783809531e-11	-2.89806862952e-08
9.1723641348e-11	1.06504913333e-07
9.21689017429e-11	2.25505381479e-07
9.26141621378e-11	2.90447601969e-07
9.30594225327e-11	2.79798953784e-07
9.35046829275e-11	1.94366371886e-07
9.39499433224e-11	5.6830865347e-08
9.43952037173e-11	-9.56901615723e-08
9.48404641122e-11	-2.23034888336e-07
9.52857245071e-11	-2.94049215199e-07
9.5730984902e-11	-2.95115910376e-07
9.61762452969e-11	-2.32738216255e-07
9.66215056918e-11	-1.29483176181e-07
9.70667660867e-11	-1.55453045991e-08
9.75120264816e-11	8.06549884658e-08
9.79572868765e-11	1.39959645651e-07
9.84025472714e-11	1.55361028931e-07
9.88478076663e-11	1.30891194772e-07
9.92930680612e-11	7.77230724225e-08
9.9738328456e-11	1.0018745833e-08
