% time-domain current integration by openEMS v0.0.36-82-g8a008a4 @Wed Aug 20 10:57:38 2025
% start-coordinates: (-4.975e-06,-0.000211795,0.000392173) m -> [80,53,45]
% stop-coordinates: (3.025e-06,-0.000211795,0.00039798) m -> [83,53,48]
% t/s	current
6.80826291885e-16	-0
4.45941221185e-13	-1.20922410973e-10
8.91201616078e-13	-1.52227938588e-10
1.33646201097e-12	-5.84996842634e-11
1.78172240586e-12	4.09830641646e-10
2.22698280076e-12	1.63850100154e-09
2.67224319565e-12	4.10649869664e-09
3.11750359054e-12	8.09531996993e-09
3.56276398544e-12	1.31773623124e-08
4.00802438033e-12	1.74410423881e-08
4.45328477522e-12	1.68548695001e-08
4.89854517012e-12	5.34681676712e-09
5.34380556501e-12	-2.36632846651e-08
5.7890659599e-12	-7.4017250995e-08
6.23432635479e-12	-1.42516825008e-07
6.67958674969e-12	-2.15455330022e-07
7.12484714458e-12	-2.68702024186e-07
7.57010753947e-12	-2.73315095001e-07
8.01536793437e-12	-2.06395043278e-07
8.46062832926e-12	-6.34626147189e-08
8.90588872415e-12	1.33733053076e-07
9.35114911905e-12	3.39562177487e-07
9.79640951394e-12	4.98464714838e-07
1.02416699088e-11	5.65879645364e-07
1.06869303037e-11	5.2682810292e-07
1.11321906986e-11	4.0281710767e-07
1.15774510935e-11	2.42961164076e-07
1.20227114884e-11	1.03159827347e-07
1.24679718833e-11	2.33633166147e-08
1.29132322782e-11	1.36166429243e-08
1.33584926731e-11	5.45753522374e-08
1.3803753068e-11	1.10559810196e-07
1.42490134629e-11	1.47316285393e-07
1.46942738578e-11	1.45621484648e-07
1.51395342527e-11	1.05467080402e-07
1.55847946475e-11	4.1114063265e-08
1.60300550424e-11	-2.84328276479e-08
1.64753154373e-11	-8.80216930454e-08
1.69205758322e-11	-1.30432425749e-07
1.73658362271e-11	-1.55512211109e-07
1.7811096622e-11	-1.66428748116e-07
1.82563570169e-11	-1.65860654988e-07
1.87016174118e-11	-1.54156921894e-07
1.91468778067e-11	-1.29909977886e-07
1.95921382016e-11	-9.21256031461e-08
2.00373985965e-11	-4.24221724415e-08
2.04826589914e-11	1.39198341742e-08
2.09279193863e-11	6.85894363528e-08
2.13731797812e-11	1.12331910884e-07
2.18184401761e-11	1.37340094852e-07
2.22637005709e-11	1.39258233389e-07
2.27089609658e-11	1.18153451467e-07
2.31542213607e-11	7.82889983952e-08
2.35994817556e-11	2.7039453343e-08
2.40447421505e-11	-2.66094897228e-08
2.44900025454e-11	-7.36334087037e-08
2.49352629403e-11	-1.06388384324e-07
2.53805233352e-11	-1.19739766546e-07
2.58257837301e-11	-1.11839298711e-07
2.6271044125e-11	-8.44338359229e-08
2.67163045199e-11	-4.26691322275e-08
2.71615649148e-11	5.68147440205e-09
2.76068253097e-11	5.14705753574e-08
2.80520857046e-11	8.58113295976e-08
2.84973460994e-11	1.01842729805e-07
2.89426064943e-11	9.63659090303e-08
2.93878668892e-11	7.08974710051e-08
2.98331272841e-11	3.17369774905e-08
3.0278387679e-11	-1.12564917387e-08
3.07236480739e-11	-4.71260577228e-08
3.11689084688e-11	-6.69393216413e-08
3.16141688637e-11	-6.65865442784e-08
3.20594292586e-11	-4.81546180708e-08
3.25046896535e-11	-1.9209476676e-08
3.29499500484e-11	9.9072989812e-09
3.33952104433e-11	2.97834343854e-08
3.38404708382e-11	3.51848399305e-08
3.42857312331e-11	2.65664752419e-08
3.4730991628e-11	9.29971299968e-09
3.51762520228e-11	-8.90798634856e-09
3.56215124177e-11	-2.11922426274e-08
3.60667728126e-11	-2.39774298194e-08
3.65120332075e-11	-1.77803354262e-08
3.69572936024e-11	-6.33037666731e-09
3.74025539973e-11	5.37956479363e-09
3.78478143922e-11	1.31444766183e-08
3.82930747871e-11	1.49131551552e-08
3.8738335182e-11	1.11145617154e-08
3.91835955769e-11	4.05949140969e-09
3.96288559718e-11	-3.14811710034e-09
4.00741163667e-11	-7.73899166973e-09
4.05193767616e-11	-8.10096700832e-09
4.09646371565e-11	-4.15440881696e-09
4.14098975513e-11	2.71989475387e-09
4.18551579462e-11	1.014734341e-08
4.23004183411e-11	1.54746828684e-08
4.2745678736e-11	1.66127236412e-08
4.31909391309e-11	1.27456862842e-08
4.36361995258e-11	4.68433913881e-09
4.40814599207e-11	-5.29995647369e-09
4.45267203156e-11	-1.41905216466e-08
4.49719807105e-11	-1.92653928366e-08
4.54172411054e-11	-1.90716225035e-08
4.58625015003e-11	-1.3954704059e-08
4.63077618952e-11	-5.89818194285e-09
4.67530222901e-11	2.24556129247e-09
4.7198282685e-11	7.83601450394e-09
4.76435430799e-11	9.38519661986e-09
4.80888034747e-11	7.00115698749e-09
4.85340638696e-11	2.19673612634e-09
4.89793242645e-11	-2.81234657784e-09
4.94245846594e-11	-5.99486460473e-09
4.98698450543e-11	-6.23997298277e-09
5.03151054492e-11	-3.65369423605e-09
5.07603658441e-11	6.29497398652e-10
5.1205626239e-11	4.99337193816e-09
5.16508866339e-11	7.99474797475e-09
5.20961470288e-11	8.85080719826e-09
5.25414074237e-11	7.6207573585e-09
5.29866678186e-11	5.03676522712e-09
5.34319282135e-11	2.12384776432e-09
5.38771886084e-11	-2.16138357212e-10
5.43224490032e-11	-1.50722090364e-09
5.47677093981e-11	-1.79376524745e-09
5.5212969793e-11	-1.527801885e-09
5.56582301879e-11	-1.32188404667e-09
5.61034905828e-11	-1.6699539529e-09
5.65487509777e-11	-2.74204681183e-09
5.69940113726e-11	-4.31554836311e-09
5.74392717675e-11	-5.8627152022e-09
5.78845321624e-11	-6.76288403056e-09
5.83297925573e-11	-6.5450347364e-09
5.87750529522e-11	-5.08617015171e-09
5.92203133471e-11	-2.67339128612e-09
5.9665573742e-11	9.64713378626e-11
6.01108341369e-11	2.52645349086e-09
6.05560945317e-11	4.08056077816e-09
6.10013549266e-11	4.58128024405e-09
6.14466153215e-11	4.26805524256e-09
6.18918757164e-11	3.66362673532e-09
6.23371361113e-11	3.30363292278e-09
6.27823965062e-11	3.43278094839e-09
6.32276569011e-11	3.83419074268e-09
6.3672917296e-11	3.9006748942e-09
6.41181776909e-11	2.95821811491e-09
6.45634380858e-11	7.01103508582e-10
6.50086984807e-11	-2.49801090924e-09
6.54539588756e-11	-5.6061595366e-09
6.58992192705e-11	-7.33031990663e-09
6.63444796654e-11	-6.72264466317e-09
6.67897400603e-11	-3.69639829856e-09
6.72350004551e-11	8.25384205427e-10
6.768026085e-11	5.22332088693e-09
6.81255212449e-11	7.82294762303e-09
6.85707816398e-11	7.55595763735e-09
6.90160420347e-11	4.35557323542e-09
6.94613024296e-11	-8.53176418403e-10
6.99065628245e-11	-6.51565690291e-09
7.03518232194e-11	-1.09758087063e-08
7.07970836143e-11	-1.29615616018e-08
7.12423440092e-11	-1.18884244671e-08
7.16876044041e-11	-7.95941090814e-09
7.2132864799e-11	-2.07319605927e-09
7.25781251939e-11	4.40816716463e-09
7.30233855888e-11	9.98802107688e-09
7.34686459836e-11	1.34042164035e-08
7.39139063785e-11	1.39508200547e-08
7.43591667734e-11	1.1654441856e-08
7.48044271683e-11	7.2363062209e-09
7.52496875632e-11	1.8706760585e-09
7.56949479581e-11	-3.17835535668e-09
7.6140208353e-11	-6.90136481296e-09
7.65854687479e-11	-8.75947314682e-09
7.70307291428e-11	-8.71205418917e-09
7.74759895377e-11	-7.10090120037e-09
7.79212499326e-11	-4.4747068273e-09
7.83665103275e-11	-1.42757228261e-09
7.88117707224e-11	1.48999301786e-09
7.92570311173e-11	3.79848463794e-09
7.97022915122e-11	5.10166087153e-09
8.0147551907e-11	5.11471132114e-09
8.05928123019e-11	3.74094710764e-09
8.10380726968e-11	1.15554599223e-09
8.14833330917e-11	-2.1393462557e-09
8.19285934866e-11	-5.35409494518e-09
8.23738538815e-11	-7.57431806164e-09
8.28191142764e-11	-8.02518673737e-09
8.32643746713e-11	-6.3439462572e-09
8.37096350662e-11	-2.7757454113e-09
8.41548954611e-11	1.82359705114e-09
8.4600155856e-11	6.21107920651e-09
8.50454162509e-11	9.13663988911e-09
8.54906766458e-11	9.75758407407e-09
8.59359370407e-11	7.93116772257e-09
8.63811974355e-11	4.26183666136e-09
8.68264578304e-11	-1.10457511193e-10
8.72717182253e-11	-3.90012422358e-09
8.77169786202e-11	-6.09179595656e-09
8.81622390151e-11	-6.24432550111e-09
8.860749941e-11	-4.57241888796e-09
8.90527598049e-11	-1.81682136002e-09
8.94980201998e-11	1.02897934617e-09
8.99432805947e-11	3.03432212689e-09
9.03885409896e-11	3.59885676815e-09
9.08338013845e-11	2.59415999793e-09
9.12790617794e-11	3.76663811252e-10
9.17243221743e-11	-2.34069230665e-09
9.21695825692e-11	-4.7007362447e-09
9.26148429641e-11	-5.95774896084e-09
9.30601033589e-11	-5.69366287451e-09
9.35053637538e-11	-3.93993948578e-09
9.39506241487e-11	-1.16335019396e-09
9.43958845436e-11	1.88679560864e-09
9.48411449385e-11	4.40794467593e-09
9.52864053334e-11	5.78584069544e-09
9.57316657283e-11	5.76065284363e-09
9.61769261232e-11	4.47525128067e-09
9.66221865181e-11	2.38994313229e-09
9.7067446913e-11	1.11588717433e-10
9.75127073079e-11	-1.7950408937e-09
9.79579677028e-11	-2.9535103252e-09
9.84032280977e-11	-3.23210702646e-09
9.88484884926e-11	-2.71785349781e-09
9.92937488874e-11	-1.63799807051e-09
9.97390092823e-11	-2.77438794161e-10
