% time-domain current integration by openEMS v0.0.36-82-g8a008a4 @Wed Aug 20 10:57:27 2025
% start-coordinates: (-4.975e-06,-0.000211795,0.000592173) m -> [80,53,51]
% stop-coordinates: (3.025e-06,-0.000211795,0.00059798) m -> [83,53,54]
% t/s	current
6.80826291885e-16	-0
4.45941221185e-13	-1.20922410973e-10
8.91201616078e-13	-1.52227938588e-10
1.33646201097e-12	-5.84996842634e-11
1.78172240586e-12	4.09830669401e-10
2.22698280076e-12	1.6385007795e-09
2.67224319565e-12	4.10649869664e-09
3.11750359054e-12	8.09531908175e-09
3.56276398544e-12	1.31773623124e-08
4.00802438033e-12	1.74410423881e-08
4.45328477522e-12	1.6854864171e-08
4.89854517012e-12	5.34681365849e-09
5.34380556501e-12	-2.3663279336e-08
5.7890659599e-12	-7.40172296787e-08
6.23432635479e-12	-1.42516782375e-07
6.67958674969e-12	-2.15455216335e-07
7.12484714458e-12	-2.68701739969e-07
7.57010753947e-12	-2.73314185506e-07
8.01536793437e-12	-2.06393323765e-07
8.46062832926e-12	-6.34615275885e-08
8.90588872415e-12	1.33729258778e-07
9.35114911905e-12	3.39545863426e-07
9.79640951394e-12	4.98424128637e-07
1.02416699088e-11	5.6580142882e-07
1.06869303037e-11	5.26708731741e-07
1.11321906986e-11	4.02680825573e-07
1.15774510935e-11	2.4288291911e-07
1.20227114884e-11	1.03289600872e-07
1.24679718833e-11	2.39227482268e-08
1.29132322782e-11	1.48344092565e-08
1.33584926731e-11	5.65523414764e-08
1.3803753068e-11	1.13064338336e-07
1.42490134629e-11	1.49592978005e-07
1.46942738578e-11	1.46342458152e-07
1.51395342527e-11	1.0296908215e-07
1.55847946475e-11	3.40005890109e-08
1.60300550424e-11	-4.04114572916e-08
1.64753154373e-11	-1.03139718988e-07
1.69205758322e-11	-1.44661626678e-07
1.73658362271e-11	-1.63118315299e-07
1.7811096622e-11	-1.61609733595e-07
1.82563570169e-11	-1.45060937484e-07
1.87016174118e-11	-1.18246475722e-07
1.91468778067e-11	-8.52350012792e-08
1.95921382016e-11	-4.9704244276e-08
2.00373985965e-11	-1.52276058429e-08
2.04826589914e-11	1.48639847097e-08
2.09279193863e-11	3.80248863507e-08
2.13731797812e-11	5.31231343359e-08
2.18184401761e-11	6.04931429393e-08
2.22637005709e-11	6.15088993072e-08
2.27089609658e-11	5.78440619847e-08
2.31542213607e-11	5.07522877058e-08
2.35994817556e-11	4.07561593363e-08
2.40447421505e-11	2.78356377947e-08
2.44900025454e-11	1.19558638545e-08
2.49352629403e-11	-6.38797503782e-09
2.53805233352e-11	-2.58184460478e-08
2.58257837301e-11	-4.40468035379e-08
2.6271044125e-11	-5.81314338888e-08
2.67163045199e-11	-6.49777192052e-08
2.71615649148e-11	-6.19975679683e-08
2.76068253097e-11	-4.79047237434e-08
2.80520857046e-11	-2.34655601616e-08
2.84973460994e-11	8.0144477721e-09
2.89426064943e-11	4.08320843803e-08
2.93878668892e-11	6.78297809031e-08
2.98331272841e-11	8.21095440529e-08
3.0278387679e-11	7.90968854858e-08
3.07236480739e-11	5.82668775451e-08
3.11689084688e-11	2.38352022564e-08
3.16141688637e-11	-1.60153508233e-08
3.20594292586e-11	-5.12742133196e-08
3.25046896535e-11	-7.30016864736e-08
3.29499500484e-11	-7.60221112728e-08
3.33952104433e-11	-6.0475663588e-08
3.38404708382e-11	-3.16563877334e-08
3.42857312331e-11	1.81037007607e-09
3.4730991628e-11	3.07648910791e-08
3.51762520228e-11	4.82883173447e-08
3.56215124177e-11	5.14929787698e-08
3.60667728126e-11	4.17960315247e-08
3.65120332075e-11	2.38081927506e-08
3.69572936024e-11	3.39313332987e-09
3.74025539973e-11	-1.42553302496e-08
3.78478143922e-11	-2.58558880972e-08
3.82930747871e-11	-3.03441289873e-08
3.8738335182e-11	-2.84056440591e-08
3.91835955769e-11	-2.16829665334e-08
3.96288559718e-11	-1.20991021646e-08
4.00741163667e-11	-1.50633894247e-09
4.05193767616e-11	8.39027514132e-09
4.09646371565e-11	1.60514730396e-08
4.14098975513e-11	2.02691232687e-08
4.18551579462e-11	2.04893346734e-08
4.23004183411e-11	1.70942833222e-08
4.2745678736e-11	1.14265006346e-08
4.31909391309e-11	5.36899991133e-09
4.36361995258e-11	6.14674533495e-10
4.40814599207e-11	-2.03354288963e-09
4.45267203156e-11	-2.98967939294e-09
4.49719807105e-11	-3.61859053832e-09
4.54172411054e-11	-5.46238743127e-09
4.58625015003e-11	-9.33637700484e-09
4.63077618952e-11	-1.47348595547e-08
4.67530222901e-11	-1.98791365591e-08
4.7198282685e-11	-2.23873684035e-08
4.76435430799e-11	-2.02973495789e-08
4.80888034747e-11	-1.29730217679e-08
4.85340638696e-11	-1.51807832971e-09
4.89793242645e-11	1.14765477122e-08
4.94245846594e-11	2.27488783366e-08
4.98698450543e-11	2.9410816893e-08
5.03151054492e-11	2.9857286421e-08
5.07603658441e-11	2.42210944634e-08
5.1205626239e-11	1.42401272996e-08
5.16508866339e-11	2.63798272115e-09
5.20961470288e-11	-7.77683872855e-09
5.25414074237e-11	-1.49420014139e-08
5.29866678186e-11	-1.80477854883e-08
5.34319282135e-11	-1.75507537392e-08
5.38771886084e-11	-1.47392089644e-08
5.43224490032e-11	-1.10739897252e-08
5.47677093981e-11	-7.58792495503e-09
5.5212969793e-11	-4.59208537862e-09
5.56582301879e-11	-1.79052594973e-09
5.61034905828e-11	1.32148758603e-09
5.65487509777e-11	4.97707386415e-09
5.69940113726e-11	8.85908502113e-09
5.74392717675e-11	1.21397754071e-08
5.78845321624e-11	1.38153497531e-08
5.83297925573e-11	1.31621886723e-08
5.87750529522e-11	1.00766657241e-08
5.92203133471e-11	5.13425657545e-09
5.9665573742e-11	-6.2873928286e-10
6.01108341369e-11	-6.09989481148e-09
6.05560945317e-11	-1.04254489486e-08
6.10013549266e-11	-1.31548629767e-08
6.14466153215e-11	-1.41609870496e-08
6.18918757164e-11	-1.34646915839e-08
6.23371361113e-11	-1.11025988403e-08
6.27823965062e-11	-7.14714776251e-09
6.32276569011e-11	-1.85575022016e-09
6.3672917296e-11	4.18092227505e-09
6.41181776909e-11	1.00271941861e-08
6.45634380858e-11	1.45824001763e-08
6.50086984807e-11	1.68976015402e-08
6.54539588756e-11	1.64731854824e-08
6.58992192705e-11	1.33989042084e-08
6.63444796654e-11	8.29608914898e-09
6.67897400603e-11	2.10038875181e-09
6.72350004551e-11	-4.19200274493e-09
6.768026085e-11	-9.71515934367e-09
6.81255212449e-11	-1.38207090217e-08
6.85707816398e-11	-1.6071501463e-08
6.90160420347e-11	-1.62108175772e-08
6.94613024296e-11	-1.41585418945e-08
6.99065628245e-11	-1.00686374793e-08
7.03518232194e-11	-4.41629843806e-09
7.07970836143e-11	1.96195149016e-09
7.12423440092e-11	7.94546828331e-09
7.16876044041e-11	1.23465211388e-08
7.2132864799e-11	1.42350433663e-08
7.25781251939e-11	1.32583011236e-08
7.30233855888e-11	9.80204539758e-09
7.34686459836e-11	4.91403540082e-09
7.39139063785e-11	-1.96709801226e-11
7.43591667734e-11	-3.72728026221e-09
7.48044271683e-11	-5.45990452849e-09
7.52496875632e-11	-5.1992081751e-09
7.56949479581e-11	-3.59469876088e-09
7.6140208353e-11	-1.66561942017e-09
7.65854687479e-11	-3.95700694433e-10
7.70307291428e-11	-3.65864727403e-10
7.74759895377e-11	-1.55833090876e-09
7.79212499326e-11	-3.3916336406e-09
7.83665103275e-11	-4.95412599832e-09
7.88117707224e-11	-5.37629363251e-09
7.92570311173e-11	-4.18676915359e-09
7.97022915122e-11	-1.52857104752e-09
8.0147551907e-11	1.86224613508e-09
8.05928123019e-11	4.92138596542e-09
8.10380726968e-11	6.66853372522e-09
8.14833330917e-11	6.59112053825e-09
8.19285934866e-11	4.84377959964e-09
8.23738538815e-11	2.16177942214e-09
8.28191142764e-11	-4.73372174792e-10
8.32643746713e-11	-2.2403454647e-09
8.37096350662e-11	-2.79518319601e-09
8.41548954611e-11	-2.34710828551e-09
8.4600155856e-11	-1.47691814334e-09
8.50454162509e-11	-8.22890644514e-10
8.54906766458e-11	-7.7985939928e-10
8.59359370407e-11	-1.35167754767e-09
8.63811974355e-11	-2.20277196483e-09
8.68264578304e-11	-2.85047119242e-09
8.72717182253e-11	-2.88276935656e-09
8.77169786202e-11	-2.10869965933e-09
8.81622390151e-11	-5.98429195087e-10
8.860749941e-11	1.36844113818e-09
8.90527598049e-11	3.39410299866e-09
8.94980201998e-11	5.04313790728e-09
8.99432805947e-11	5.91085180801e-09
9.03885409896e-11	5.6962394801e-09
9.08338013845e-11	4.27482449439e-09
9.12790617794e-11	1.78323800171e-09
9.17243221743e-11	-1.35167543824e-09
9.21695825692e-11	-4.46214043492e-09
9.26148429641e-11	-6.79976830398e-09
9.30601033589e-11	-7.76390773893e-09
9.35053637538e-11	-7.11642567097e-09
9.39506241487e-11	-5.08514919062e-09
9.43958845436e-11	-2.29726948575e-09
9.48411449385e-11	4.38700631378e-10
9.52864053334e-11	2.42547559814e-09
9.57316657283e-11	3.32327010355e-09
9.61769261232e-11	3.25209192908e-09
9.66221865181e-11	2.70035860339e-09
9.7067446913e-11	2.28164598326e-09
9.75127073079e-11	2.44188558263e-09
9.79579677028e-11	3.23212967501e-09
9.84032280977e-11	4.25720125818e-09
9.88484884926e-11	4.82394568735e-09
9.92937488874e-11	4.2431453906e-09
9.97390092823e-11	2.16001527775e-09
1.00184269677e-10	-1.22706511618e-09
1.00629530072e-10	-5.15880183016e-09
1.01074790467e-10	-8.54318127352e-09
1.01520050862e-10	-1.03326769363e-08
1.01965311257e-10	-9.90205251128e-09
1.02410571652e-10	-7.28112015125e-09
1.02855832047e-10	-3.14330472762e-09
1.03301092441e-10	1.4327687925e-09
1.03746352836e-10	5.32384492047e-09
1.04191613231e-10	7.7084090222e-09
1.04636873626e-10	8.26433499412e-09
1.05082134021e-10	7.17803683159e-09
1.05527394416e-10	4.99191665781e-09
1.05972654811e-10	2.38230102312e-09
1.06417915206e-10	-4.83394366202e-11
1.06863175601e-10	-1.89619120405e-09
1.07308435996e-10	-2.99922797709e-09
1.0775369639e-10	-3.39984862485e-09
1.08198956785e-10	-3.27843197034e-09
1.0864421718e-10	-2.86673862426e-09
1.09089477575e-10	-2.37595032537e-09
1.0953473797e-10	-1.94256655206e-09
1.09979998365e-10	-1.60378343939e-09
1.1042525876e-10	-1.3082752659e-09
1.10870519155e-10	-9.48204958995e-10
1.1131577955e-10	-4.09512174171e-10
