% time-domain voltage integration by openEMS v0.0.36-82-g8a008a4 @Wed Aug 20 10:57:27 2025
% start-coordinates: (2.75e-07,-0.000205795,0.00059648) m -> [82,55,53]
% stop-coordinates: (2.75e-07,-0.000211795,0.00059648) m -> [82,53,53]
% t/s	voltage
0	-0
4.45260394893e-13	-4.36013136706e-09
8.90520789786e-13	-4.5972206042e-09
1.33578118468e-12	9.37959709901e-10
1.78104157957e-12	2.02686853967e-08
2.22630197447e-12	6.60183765433e-08
2.67156236936e-12	1.51741943455e-07
3.11682276425e-12	2.80989894463e-07
3.56208315914e-12	4.2753012508e-07
4.00734355404e-12	5.12420882615e-07
4.45260394893e-12	3.9043757738e-07
4.89786434382e-12	-1.33855863282e-07
5.34312473872e-12	-1.24234321675e-06
5.78838513361e-12	-2.98801239751e-06
6.2336455285e-12	-5.16036425324e-06
6.6789059234e-12	-7.20227671991e-06
7.12416631829e-12	-8.25443748909e-06
7.56942671318e-12	-7.37827531339e-06
8.01468710808e-12	-3.91951107304e-06
8.45994750297e-12	2.11543806472e-06
8.90520789786e-12	9.85022052191e-06
9.35046829275e-12	1.76376788659e-05
9.79572868765e-12	2.34849367189e-05
1.02409890825e-11	2.56647017522e-05
1.06862494774e-11	2.32786060224e-05
1.11315098723e-11	1.65544211086e-05
1.15767702672e-11	6.77543403071e-06
1.20220306621e-11	-4.10296502196e-06
1.2467291057e-11	-1.3989882973e-05
1.29125514519e-11	-2.11662199945e-05
1.33578118468e-11	-2.46303889071e-05
1.38030722417e-11	-2.42268024522e-05
1.42483326366e-11	-2.05639062187e-05
1.46935930315e-11	-1.47715404637e-05
1.51388534264e-11	-8.17209206616e-06
1.55841138213e-11	-1.95660942381e-06
1.60293742162e-11	3.04782440708e-06
1.6474634611e-11	6.46692546979e-06
1.69198950059e-11	8.32275850371e-06
1.73651554008e-11	8.88273507371e-06
1.78104157957e-11	8.49295747685e-06
1.82556761906e-11	7.46052637624e-06
1.87009365855e-11	6.01354258833e-06
1.91461969804e-11	4.32015644947e-06
1.95914573753e-11	2.53110442827e-06
2.00367177702e-11	8.03461688292e-07
2.04819781651e-11	-7.06327881517e-07
2.092723856e-11	-1.87600147683e-06
2.13724989549e-11	-2.64352809154e-06
2.18177593498e-11	-3.02297360122e-06
2.22630197447e-11	-3.08222115564e-06
2.27082801395e-11	-2.90522700652e-06
2.31535405344e-11	-2.55593761267e-06
2.35988009293e-11	-2.06161610095e-06
2.40440613242e-11	-1.42165811212e-06
2.44893217191e-11	-6.3353215296e-07
2.4934582114e-11	2.7951075765e-07
2.53798425089e-11	1.25051940358e-06
2.58251029038e-11	2.16650460061e-06
2.62703632987e-11	2.8809917012e-06
2.67156236936e-11	3.23874905916e-06
2.71608840885e-11	3.10854750296e-06
2.76061444834e-11	2.42293026531e-06
2.80514048783e-11	1.2160995766e-06
2.84966652732e-11	-3.50887347622e-07
2.8941925668e-11	-1.9960959321e-06
2.93871860629e-11	-3.36246102961e-06
2.98324464578e-11	-4.10264897255e-06
3.02777068527e-11	-3.98229713028e-06
3.07229672476e-11	-2.96757878004e-06
3.11682276425e-11	-1.2618186247e-06
3.16134880374e-11	7.30599111876e-07
3.20587484323e-11	2.50958476045e-06
3.25040088272e-11	3.6238118355e-06
3.29492692221e-11	3.80661879262e-06
3.3394529617e-11	3.05605408357e-06
3.38397900119e-11	1.62970542306e-06
3.42850504068e-11	-4.4298817059e-08
3.47303108017e-11	-1.50619462147e-06
3.51755711966e-11	-2.4045588134e-06
3.56208315914e-11	-2.58778595708e-06
3.60660919863e-11	-2.1204003815e-06
3.65113523812e-11	-1.22931641044e-06
3.69566127761e-11	-2.07493890514e-07
3.7401873171e-11	6.82967623788e-07
3.78471335659e-11	1.27435180275e-06
3.82923939608e-11	1.51009578531e-06
3.87376543557e-11	1.42232801181e-06
3.91829147506e-11	1.09225493361e-06
3.96281751455e-11	6.15997208797e-07
4.00734355404e-11	8.63877147594e-08
4.05186959353e-11	-4.11117270005e-07
4.09639563302e-11	-7.99180611466e-07
4.14092167251e-11	-1.01669397168e-06
4.18544771199e-11	-1.0344666066e-06
4.22997375148e-11	-8.69951122695e-07
4.27449979097e-11	-5.88811161606e-07
4.31902583046e-11	-2.84771132897e-07
4.36355186995e-11	-4.35144347222e-08
4.40807790944e-11	9.2887290748e-08
4.45260394893e-11	1.43051501311e-07
4.49712998842e-11	1.74073960579e-07
4.54165602791e-11	2.63403123313e-07
4.5861820674e-11	4.53634299902e-07
4.63070810689e-11	7.21908946844e-07
4.67523414638e-11	9.80999487865e-07
4.71976018587e-11	1.11222266241e-06
4.76428622536e-11	1.01596168633e-06
4.80881226485e-11	6.57864376308e-07
4.85333830433e-11	9.02475285613e-08
4.89786434382e-11	-5.5930149756e-07
4.94239038331e-11	-1.12808089625e-06
4.9869164228e-11	-1.47036513454e-06
5.03144246229e-11	-1.50335768012e-06
5.07596850178e-11	-1.23077882108e-06
5.12049454127e-11	-7.37204544521e-07
5.16502058076e-11	-1.57754165286e-07
5.20954662025e-11	3.66741133462e-07
5.25407265974e-11	7.31519207875e-07
5.29859869923e-11	8.9386497848e-07
5.34312473872e-11	8.74703346199e-07
5.38765077821e-11	7.37374506343e-07
5.4321768177e-11	5.54962213073e-07
5.47670285718e-11	3.80000926725e-07
5.52122889667e-11	2.29170055377e-07
5.56575493616e-11	8.84750619434e-08
5.61028097565e-11	-6.71431621413e-08
5.65480701514e-11	-2.49849158251e-07
5.69933305463e-11	-4.44504195229e-07
5.74385909412e-11	-6.10287543168e-07
5.78838513361e-11	-6.96955567037e-07
5.8329111731e-11	-6.67728841108e-07
5.87743721259e-11	-5.16499028436e-07
5.92196325208e-11	-2.71222077686e-07
5.96648929157e-11	1.66538196567e-08
6.01101533106e-11	2.9130337964e-07
6.05554137055e-11	5.09582974928e-07
6.10006741004e-11	6.48415010573e-07
6.14459344952e-11	7.01256823277e-07
6.18911948901e-11	6.69099165407e-07
6.2336455285e-11	5.53817841364e-07
6.27817156799e-11	3.58785513299e-07
6.32269760748e-11	9.62948938366e-08
6.36722364697e-11	-2.04802311998e-07
6.41174968646e-11	-4.98312431318e-07
6.45627572595e-11	-7.29206675487e-07
6.50080176544e-11	-8.49493005717e-07
6.54532780493e-11	-8.33173544379e-07
6.58985384442e-11	-6.83676802282e-07
6.63437988391e-11	-4.31232962228e-07
6.6789059234e-11	-1.2234290736e-07
6.72343196289e-11	1.93060103015e-07
6.76795800237e-11	4.71308808869e-07
6.81248404186e-11	6.79536981352e-07
6.85701008135e-11	7.95549595978e-07
6.90153612084e-11	8.06199835779e-07
6.94606216033e-11	7.0718519396e-07
6.99058819982e-11	5.05777009607e-07
7.03511423931e-11	2.25171348234e-07
7.0796402788e-11	-9.34331794156e-08
7.12416631829e-11	-3.94297245521e-07
7.16869235778e-11	-6.17929401869e-07
7.21321839727e-11	-7.17136884987e-07
7.25774443676e-11	-6.73100146287e-07
7.30227047625e-11	-5.03857421563e-07
7.34679651574e-11	-2.60868162627e-07
7.39132255523e-11	-1.32036883649e-08
7.43584859471e-11	1.74997417446e-07
7.4803746342e-11	2.65190308824e-07
7.52490067369e-11	2.55196304977e-07
7.56942671318e-11	1.76579582956e-07
7.61395275267e-11	8.00171982007e-08
7.65847879216e-11	1.50148178335e-08
7.70300483165e-11	1.14924953998e-08
7.74753087114e-11	6.95191708644e-08
7.79205691063e-11	1.60800773585e-07
7.83658295012e-11	2.40006350793e-07
7.88110898961e-11	2.63292022851e-07
7.9256350291e-11	2.0628541364e-07
7.97016106859e-11	7.51265005761e-08
8.01468710808e-11	-9.41388798026e-08
8.05921314756e-11	-2.48470165332e-07
8.10373918705e-11	-3.38400425903e-07
8.14826522654e-11	-3.37397679573e-07
8.19279126603e-11	-2.52160262448e-07
8.23731730552e-11	-1.18738775257e-07
8.28184334501e-11	1.37780604703e-08
8.3263693845e-11	1.03820990915e-07
8.37089542399e-11	1.33361588439e-07
8.41542146348e-11	1.12069788116e-07
8.45994750297e-11	6.86882231093e-08
8.50447354246e-11	3.53332350045e-08
8.54899958195e-11	3.22977031786e-08
8.59352562144e-11	6.03432610546e-08
8.63805166093e-11	1.03053611866e-07
8.68257770041e-11	1.36263381023e-07
8.7271037399e-11	1.39050115422e-07
8.77162977939e-11	1.01463253799e-07
8.81615581888e-11	2.6651709284e-08
8.86068185837e-11	-7.15915753347e-08
8.90520789786e-11	-1.73390311886e-07
8.94973393735e-11	-2.56906169227e-07
8.99425997684e-11	-3.01777262735e-07
9.03878601633e-11	-2.92771048294e-07
9.08331205582e-11	-2.23359293727e-07
9.12783809531e-11	-1.00007248705e-07
9.1723641348e-11	5.63487496663e-08
9.21689017429e-11	2.12585064219e-07
9.26141621378e-11	3.312654826e-07
9.30594225327e-11	3.81955175044e-07
9.35046829275e-11	3.52065114839e-07
9.39499433224e-11	2.52265486722e-07
9.43952037173e-11	1.13417598868e-07
9.48404641122e-11	-2.41237989584e-08
9.52857245071e-11	-1.25080344304e-07
9.5730984902e-11	-1.71780769165e-07
9.61762452969e-11	-1.69508979297e-07
9.66215056918e-11	-1.42260255132e-07
9.70667660867e-11	-1.2072988298e-07
9.75120264816e-11	-1.27711338394e-07
9.79572868765e-11	-1.66450782046e-07
9.84025472714e-11	-2.17843791006e-07
9.88478076663e-11	-2.47483626481e-07
9.92930680612e-11	-2.20632038861e-07
9.9738328456e-11	-1.18813709094e-07
1.00183588851e-10	4.89723444019e-08
1.00628849246e-10	2.45570511481e-07
1.01074109641e-10	4.16608656906e-07
1.01519370036e-10	5.09325090547e-07
1.01964630431e-10	4.91556917837e-07
1.02409890825e-10	3.63686623928e-07
1.0285515122e-10	1.58475678802e-07
1.03300411615e-10	-7.05307030557e-08
1.0374567201e-10	-2.66976684316e-07
1.04190932405e-10	-3.89088995689e-07
1.046361928e-10	-4.1991555122e-07
1.05081453195e-10	-3.68023265196e-07
1.0552671359e-10	-2.60109899841e-07
1.05971973985e-10	-1.2990687992e-07
1.06417234379e-10	-7.76671127412e-09
1.06862494774e-10	8.5778914638e-08
1.07307755169e-10	1.42251643354e-07
1.07753015564e-10	1.63492984484e-07
1.08198275959e-10	1.58300331066e-07
1.08643536354e-10	1.38195531463e-07
1.09088796749e-10	1.13762713028e-07
1.09534057144e-10	9.19564868695e-08
1.09979317539e-10	7.47816493174e-08
1.10424577933e-10	5.9827927501e-08
1.10869838328e-10	4.18315249107e-08
1.11315098723e-10	1.51037804486e-08
