% time-domain voltage integration by openEMS v0.0.36-82-g8a008a4 @Wed Aug 20 10:57:13 2025
% start-coordinates: (2.75e-07,-0.000205795,0.00019648) m -> [82,55,55]
% stop-coordinates: (2.75e-07,-0.000211795,0.00019648) m -> [82,53,55]
% t/s	voltage
0	-0
4.45260394893e-13	-4.36017844052e-09
8.90520789786e-13	-4.59712068412e-09
1.33578118468e-12	9.38562338959e-10
1.78104157957e-12	2.02624272916e-08
2.22630197447e-12	6.60215739856e-08
2.67156236936e-12	1.51743584809e-07
3.11682276425e-12	2.80988871282e-07
3.56208315914e-12	4.27535013614e-07
4.00734355404e-12	5.12432222877e-07
4.45260394893e-12	3.90494165003e-07
4.89786434382e-12	-1.33649486145e-07
5.34312473872e-12	-1.24200641949e-06
5.78838513361e-12	-2.98780037156e-06
6.2336455285e-12	-5.16099248671e-06
6.6789059234e-12	-7.205179827e-06
7.12416631829e-12	-8.26188852443e-06
7.56942671318e-12	-7.39289862395e-06
8.01468710808e-12	-3.9422966438e-06
8.45994750297e-12	2.08826133985e-06
8.90520789786e-12	9.8315285868e-06
9.35046829275e-12	1.76535668288e-05
9.79572868765e-12	2.3574433726e-05
1.02409890825e-11	2.5869620913e-05
1.06862494774e-11	2.36212417803e-05
1.11315098723e-11	1.70049552253e-05
1.15767702672e-11	7.22053323443e-06
1.20220306621e-11	-3.86927649743e-06
1.2467291057e-11	-1.42316325764e-05
1.29125514519e-11	-2.21158652494e-05
1.33578118468e-11	-2.6359536605e-05
1.38030722417e-11	-2.65236130872e-05
1.42483326366e-11	-2.28847065955e-05
1.46935930315e-11	-1.63242693816e-05
1.51388534264e-11	-8.14524219095e-06
1.55841138213e-11	1.63681058041e-07
1.60293742162e-11	7.19184504305e-06
1.6474634611e-11	1.18619113891e-05
1.69198950059e-11	1.36296398523e-05
1.73651554008e-11	1.25782016767e-05
1.78104157957e-11	9.37304821491e-06
1.82556761906e-11	5.07672575623e-06
1.87009365855e-11	8.62379522459e-07
1.91461969804e-11	-2.29531906371e-06
1.95914573753e-11	-3.85882412957e-06
2.00367177702e-11	-3.82153461942e-06
2.04819781651e-11	-2.63284596258e-06
2.092723856e-11	-9.90982755411e-07
2.13724989549e-11	4.22427390845e-07
2.18177593498e-11	1.15417230973e-06
2.22630197447e-11	1.08834143475e-06
2.27082801395e-11	4.19113405314e-07
2.31535405344e-11	-4.79570502421e-07
2.35988009293e-11	-1.22228135524e-06
2.40440613242e-11	-1.55112979883e-06
2.44893217191e-11	-1.39901652574e-06
2.4934582114e-11	-8.67938865667e-07
2.53798425089e-11	-1.5117016261e-07
2.58251029038e-11	5.58061742595e-07
2.62703632987e-11	1.12805497565e-06
2.67156236936e-11	1.5046811086e-06
2.71608840885e-11	1.68787164512e-06
2.76061444834e-11	1.69445320353e-06
2.80514048783e-11	1.53270354986e-06
2.84966652732e-11	1.20170318496e-06
2.8941925668e-11	7.08111940639e-07
2.93871860629e-11	8.43664480499e-08
2.98324464578e-11	-6.07020865573e-07
3.02777068527e-11	-1.28566347257e-06
3.07229672476e-11	-1.87184588185e-06
3.11682276425e-11	-2.29861393564e-06
3.16134880374e-11	-2.5097898515e-06
3.20587484323e-11	-2.45204137173e-06
3.25040088272e-11	-2.0747897338e-06
3.29492692221e-11	-1.3496700717e-06
3.3394529617e-11	-3.07093955598e-07
3.38397900119e-11	9.30400346988e-07
3.42850504068e-11	2.14315991798e-06
3.47303108017e-11	3.05439380099e-06
3.51755711966e-11	3.41173222296e-06
3.56208315914e-11	3.08074140776e-06
3.60660919863e-11	2.11141559703e-06
3.65113523812e-11	7.42008154475e-07
3.69566127761e-11	-6.67112345809e-07
3.7401873171e-11	-1.74949360598e-06
3.78471335659e-11	-2.25363066875e-06
3.82923939608e-11	-2.12070779071e-06
3.87376543557e-11	-1.48959884427e-06
3.91829147506e-11	-6.30162759307e-07
3.96281751455e-11	1.6362110955e-07
4.00734355404e-11	6.75993277355e-07
4.05186959353e-11	8.27709726536e-07
4.09639563302e-11	6.74484567753e-07
4.14092167251e-11	3.56688033776e-07
4.18544771199e-11	2.77639644608e-08
4.22997375148e-11	-2.04360269151e-07
4.27449979097e-11	-3.03762078602e-07
4.31902583046e-11	-2.97450142739e-07
4.36355186995e-11	-2.43035337633e-07
4.40807790944e-11	-1.93553127303e-07
4.45260394893e-11	-1.73978229157e-07
4.49712998842e-11	-1.77999531559e-07
4.54165602791e-11	-1.80895426638e-07
4.5861820674e-11	-1.59427109736e-07
4.63070810689e-11	-1.06523014409e-07
4.67523414638e-11	-3.39676731187e-08
4.71976018587e-11	3.65323913343e-08
4.76428622536e-11	8.95767691134e-08
4.80881226485e-11	1.28513150344e-07
4.85333830433e-11	1.76332214608e-07
4.89786434382e-11	2.63055454752e-07
4.94239038331e-11	4.04271517596e-07
4.9869164228e-11	5.83034108104e-07
5.03144246229e-11	7.45246723e-07
5.07596850178e-11	8.14332054233e-07
5.12049454127e-11	7.21089122635e-07
5.16502058076e-11	4.36609866483e-07
5.20954662025e-11	-6.25355744965e-09
5.25407265974e-11	-5.14584812095e-07
5.29859869923e-11	-9.60899939173e-07
5.34312473872e-11	-1.22418686033e-06
5.38765077821e-11	-1.23040751987e-06
5.4321768177e-11	-9.77781240863e-07
5.47670285718e-11	-5.37741300377e-07
5.52122889667e-11	-3.18473825089e-08
5.56575493616e-11	4.05994001085e-07
5.61028097565e-11	6.68956914751e-07
5.65480701514e-11	7.06425709041e-07
5.69933305463e-11	5.34862834911e-07
5.74385909412e-11	2.28480359965e-07
5.78838513361e-11	-1.05576347664e-07
5.8329111731e-11	-3.60397891086e-07
5.87743721259e-11	-4.60949507897e-07
5.92196325208e-11	-3.84545742804e-07
5.96648929157e-11	-1.64723218177e-07
6.01101533106e-11	1.23643129513e-07
6.05554137055e-11	3.91198128114e-07
6.10006741004e-11	5.64845976214e-07
6.14459344952e-11	6.09853856304e-07
6.18911948901e-11	5.36459907607e-07
6.2336455285e-11	3.89393974842e-07
6.27817156799e-11	2.2517802023e-07
6.32269760748e-11	8.80954971194e-08
6.36722364697e-11	-5.91542437256e-09
6.41174968646e-11	-7.10692233952e-08
6.45627572595e-11	-1.39612090777e-07
6.50080176544e-11	-2.41105396981e-07
6.54532780493e-11	-3.83648867341e-07
6.58985384442e-11	-5.44674179537e-07
6.63437988391e-11	-6.75817034335e-07
6.6789059234e-11	-7.21175410945e-07
6.72343196289e-11	-6.40584232769e-07
6.76795800237e-11	-4.28776658623e-07
6.81248404186e-11	-1.21652089291e-07
6.85701008135e-11	2.13426353923e-07
6.90153612084e-11	4.9994584117e-07
6.94606216033e-11	6.77673085647e-07
6.99058819982e-11	7.2050195854e-07
7.03511423931e-11	6.39496903432e-07
7.0796402788e-11	4.71544510106e-07
7.12416631829e-11	2.60499305682e-07
7.16869235778e-11	4.1728073441e-08
7.21321839727e-11	-1.63199729286e-07
7.25774443676e-11	-3.40723047998e-07
7.30227047625e-11	-4.7509183787e-07
7.34679651574e-11	-5.42200098153e-07
7.39132255523e-11	-5.13826265092e-07
7.43584859471e-11	-3.70861187093e-07
7.4803746342e-11	-1.19147649968e-07
7.52490067369e-11	2.0156510061e-07
7.56942671318e-11	5.21818662946e-07
7.61395275267e-11	7.59894078328e-07
7.65847879216e-11	8.46407402832e-07
7.70300483165e-11	7.46999972989e-07
7.74753087114e-11	4.74316593113e-07
7.79205691063e-11	8.52600621215e-08
7.83658295012e-11	-3.34941290703e-07
7.88110898961e-11	-6.96097799846e-07
7.9256350291e-11	-9.26571885884e-07
7.97016106859e-11	-9.88743408925e-07
8.01468710808e-11	-8.84685306346e-07
8.05921314756e-11	-6.50632728139e-07
8.10373918705e-11	-3.43675793602e-07
8.14826522654e-11	-2.57373491408e-08
8.19279126603e-11	2.5146072602e-07
8.23731730552e-11	4.55854987536e-07
8.28184334501e-11	5.77056795237e-07
8.3263693845e-11	6.22398061978e-07
8.37089542399e-11	6.08684842973e-07
8.41542146348e-11	5.53643161538e-07
8.45994750297e-11	4.70081886306e-07
8.50447354246e-11	3.63705410678e-07
8.54899958195e-11	2.35304490559e-07
8.59352562144e-11	8.52652171091e-08
8.63805166093e-11	-8.16058225439e-08
8.68257770041e-11	-2.52310485394e-07
8.7271037399e-11	-4.05593951314e-07
8.77162977939e-11	-5.15450921057e-07
8.81615581888e-11	-5.58377308835e-07
8.86068185837e-11	-5.21318810343e-07
8.90520789786e-11	-4.0741498708e-07
8.94973393735e-11	-2.3685117867e-07
8.99425997684e-11	-4.16426857441e-08
9.03878601633e-11	1.4329945941e-07
9.08331205582e-11	2.89030978706e-07
9.12783809531e-11	3.78090447839e-07
9.1723641348e-11	4.04742976912e-07
9.21689017429e-11	3.72112396008e-07
9.26141621378e-11	2.8849866851e-07
9.30594225327e-11	1.65364369309e-07
9.35046829275e-11	1.73078866794e-08
9.39499433224e-11	-1.37384624566e-07
9.43952037173e-11	-2.77123092474e-07
9.48404641122e-11	-3.79678823492e-07
9.52857245071e-11	-4.26353324201e-07
9.5730984902e-11	-4.0624780695e-07
9.61762452969e-11	-3.18943477851e-07
9.66215056918e-11	-1.7466096125e-07
9.70667660867e-11	7.59128493399e-09
9.75120264816e-11	2.03063834192e-07
9.79572868765e-11	3.84038116863e-07
9.84025472714e-11	5.22861341778e-07
9.88478076663e-11	5.95228414113e-07
9.92930680612e-11	5.84875323284e-07
9.9738328456e-11	4.88070142524e-07
1.00183588851e-10	3.16477837714e-07
1.00628849246e-10	9.63320339054e-08
1.01074109641e-10	-1.37513914922e-07
1.01519370036e-10	-3.50090985535e-07
1.01964630431e-10	-5.14660612794e-07
1.02409890825e-10	-6.16710678969e-07
1.0285515122e-10	-6.52396721534e-07
1.03300411615e-10	-6.23444634584e-07
1.0374567201e-10	-5.32271371867e-07
1.04190932405e-10	-3.80715746928e-07
1.046361928e-10	-1.73285663152e-07
1.05081453195e-10	7.64552794408e-08
1.0552671359e-10	3.40954045441e-07
1.05971973985e-10	5.78655857453e-07
1.06417234379e-10	7.41181253261e-07
1.06862494774e-10	7.86603607139e-07
1.07307755169e-10	6.94173706961e-07
1.07753015564e-10	4.74473878853e-07
1.08198275959e-10	1.70552837631e-07
1.08643536354e-10	-1.5203831083e-07
1.09088796749e-10	-4.23337553457e-07
1.09534057144e-10	-5.88798172885e-07
1.09979317539e-10	-6.2373302967e-07
1.10424577933e-10	-5.3733683103e-07
1.10869838328e-10	-3.65549453818e-07
1.11315098723e-10	-1.56512101057e-07
1.11760359118e-10	4.48292869493e-08
1.12205619513e-10	2.07496974269e-07
1.12650879908e-10	3.17415725704e-07
1.13096140303e-10	3.73231500816e-07
1.13541400698e-10	3.79185195243e-07
1.13986661093e-10	3.39198862775e-07
1.14431921488e-10	2.55609542421e-07
1.14877181882e-10	1.32117882856e-07
1.15322442277e-10	-2.11003747808e-08
1.15767702672e-10	-1.84206072618e-07
1.16212963067e-10	-3.29048603476e-07
1.16658223462e-10	-4.25723300168e-07
1.17103483857e-10	-4.51692756087e-07
1.17548744252e-10	-3.99526797423e-07
1.17994004647e-10	-2.80004371689e-07
1.18439265042e-10	-1.19335382465e-07
1.18884525436e-10	4.89386273728e-08
1.19329785831e-10	1.93388871139e-07
1.19775046226e-10	2.92870154794e-07
1.20220306621e-10	3.40104719498e-07
1.20665567016e-10	3.40262744203e-07
1.21110827411e-10	3.06001979311e-07
1.21556087806e-10	2.51128291495e-07
1.22001348201e-10	1.85822642607e-07
1.22446608596e-10	1.14940750251e-07
1.2289186899e-10	3.94846573215e-08
1.23337129385e-10	-4.00045330196e-08
1.2378238978e-10	-1.20031874218e-07
1.24227650175e-10	-1.92869961779e-07
1.2467291057e-10	-2.47641025908e-07
1.25118170965e-10	-2.73565248676e-07
1.2556343136e-10	-2.63675204337e-07
1.26008691755e-10	-2.17828947768e-07
1.2645395215e-10	-1.43502319361e-07
1.26899212545e-10	-5.46936735901e-08
1.27344472939e-10	3.14383541422e-08
1.27789733334e-10	9.89491226733e-08
1.28234993729e-10	1.37471268147e-07
1.28680254124e-10	1.45033709487e-07
1.29125514519e-10	1.28273406119e-07
1.29570774914e-10	9.94463249526e-08
1.30016035309e-10	7.12171051021e-08
1.30461295704e-10	5.14515949845e-08
1.30906556099e-10	4.02745303774e-08
1.31351816493e-10	3.09536867249e-08
1.31797076888e-10	1.45190872658e-08
1.32242337283e-10	-1.44186760309e-08
1.32687597678e-10	-5.35115063371e-08
