% time-domain current integration by openEMS v0.0.36-82-g8a008a4 @Wed Aug 20 10:57:13 2025
% start-coordinates: (-4.975e-06,-0.000211795,0.000192173) m -> [80,53,53]
% stop-coordinates: (3.025e-06,-0.000211795,0.00019798) m -> [83,53,56]
% t/s	current
6.80826291885e-16	-0
4.45941221185e-13	-1.20928156377e-10
8.91201616078e-13	-1.52224455263e-10
1.33646201097e-12	-5.84949449989e-11
1.78172240586e-12	4.09952349845e-10
2.22698280076e-12	1.6384101853e-09
2.67224319565e-12	4.10647960081e-09
3.11750359054e-12	8.09541056412e-09
3.56276398544e-12	1.31773081335e-08
4.00802438033e-12	1.74408221199e-08
4.45328477522e-12	1.68536349321e-08
4.89854517012e-12	5.34260946594e-09
5.34380556501e-12	-2.36700170575e-08
5.7890659599e-12	-7.40212300343e-08
6.23432635479e-12	-1.42503168377e-07
6.67958674969e-12	-2.15395090208e-07
7.12484714458e-12	-2.68548916438e-07
7.57010753947e-12	-2.73016439678e-07
8.01536793437e-12	-2.05933034181e-07
8.46062832926e-12	-6.29184881973e-08
8.90588872415e-12	1.34089987114e-07
9.35114911905e-12	3.39192666843e-07
9.79640951394e-12	4.96570521591e-07
1.02416699088e-11	5.61616332106e-07
1.06869303037e-11	5.19769571383e-07
1.11321906986e-11	3.93630415374e-07
1.15774510935e-11	2.34049423398e-07
1.20227114884e-11	9.88469395224e-08
1.24679718833e-11	2.9163652826e-08
1.29132322782e-11	3.43432482452e-08
1.33584926731e-11	9.16078306545e-08
1.3803753068e-11	1.59213669804e-07
1.42490134629e-11	1.95757280608e-07
1.46942738578e-11	1.76583469624e-07
1.51395342527e-11	1.0115181226e-07
1.55847946475e-11	-9.84393100367e-09
1.60300550424e-11	-1.24437079307e-07
1.64753154373e-11	-2.11445112086e-07
1.69205758322e-11	-2.50201878771e-07
1.73658362271e-11	-2.35476079524e-07
1.7811096622e-11	-1.77084913844e-07
1.82563570169e-11	-9.5279467871e-08
1.87016174118e-11	-1.37501636743e-08
1.91468778067e-11	4.75030006442e-08
1.95921382016e-11	7.74015660454e-08
2.00373985965e-11	7.57266178653e-08
2.04826589914e-11	5.14929467954e-08
2.09279193863e-11	1.86050623796e-08
2.13731797812e-11	-9.33107013878e-09
2.18184401761e-11	-2.34421140277e-08
2.22637005709e-11	-2.16373301498e-08
2.27089609658e-11	-7.96688581772e-09
2.31542213607e-11	1.00264356817e-08
2.35994817556e-11	2.46803182335e-08
2.40447421505e-11	3.09500727269e-08
2.44900025454e-11	2.76203557803e-08
2.49352629403e-11	1.68198592831e-08
2.53805233352e-11	2.44140330175e-09
2.58257837301e-11	-1.16772884695e-08
2.6271044125e-11	-2.29559891096e-08
2.67163045199e-11	-3.03601943585e-08
2.71615649148e-11	-3.39125740823e-08
2.76068253097e-11	-3.39481616152e-08
2.80520857046e-11	-3.06218126411e-08
2.84973460994e-11	-2.39074271491e-08
2.89426064943e-11	-1.3948043609e-08
2.93878668892e-11	-1.40951927907e-09
2.98331272841e-11	1.24416841274e-08
3.0278387679e-11	2.59884167519e-08
3.07236480739e-11	3.76399142965e-08
3.11689084688e-11	4.60625848575e-08
3.16141688637e-11	5.01346839599e-08
3.20594292586e-11	4.87884079803e-08
3.25046896535e-11	4.10202005696e-08
3.29499500484e-11	2.62891788338e-08
3.33952104433e-11	5.2569841813e-09
3.38404708382e-11	-1.95585094787e-08
3.42857312331e-11	-4.37086136174e-08
3.4730991628e-11	-6.16445561263e-08
3.51762520228e-11	-6.83685286162e-08
3.56215124177e-11	-6.12967454572e-08
3.60667728126e-11	-4.15578149671e-08
3.65120332075e-11	-1.40240485891e-08
3.69572936024e-11	1.40542741889e-08
3.74025539973e-11	3.5388538322e-08
3.78478143922e-11	4.50551880249e-08
3.82930747871e-11	4.20133083878e-08
3.8738335182e-11	2.91525381613e-08
3.91835955769e-11	1.19198224624e-08
3.96288559718e-11	-3.82737130877e-09
4.00741163667e-11	-1.38483793322e-08
4.05193767616e-11	-1.66525513379e-08
4.09646371565e-11	-1.34287478915e-08
4.14098975513e-11	-7.01716151852e-09
4.18551579462e-11	-4.74384476146e-10
4.23004183411e-11	4.0816456881e-09
4.2745678736e-11	5.97903637711e-09
4.31909391309e-11	5.79072079177e-09
4.36361995258e-11	4.68014471622e-09
4.40814599207e-11	3.6975593698e-09
4.45267203156e-11	3.32305916118e-09
4.49719807105e-11	3.41408723514e-09
4.54172411054e-11	3.46929018846e-09
4.58625015003e-11	3.02789016082e-09
4.63077618952e-11	1.95982763351e-09
4.67530222901e-11	5.0994952705e-10
4.7198282685e-11	-8.87330764421e-10
4.76435430799e-11	-1.93378646429e-09
4.80888034747e-11	-2.70824895843e-09
4.85340638696e-11	-3.68099795089e-09
4.89793242645e-11	-5.44870104591e-09
4.94245846594e-11	-8.30774560256e-09
4.98698450543e-11	-1.18931859916e-08
5.03151054492e-11	-1.51018504368e-08
5.07603658441e-11	-1.63975535372e-08
5.1205626239e-11	-1.44123086798e-08
5.16508866339e-11	-8.60502336053e-09
5.20961470288e-11	3.25121873868e-10
5.25414074237e-11	1.04867510231e-08
5.29866678186e-11	1.93213995914e-08
5.34319282135e-11	2.44298767882e-08
5.38771886084e-11	2.43739819439e-08
5.43224490032e-11	1.91705300523e-08
5.47677093981e-11	1.02902264487e-08
5.5212969793e-11	1.85097270844e-10
5.56582301879e-11	-8.47483594413e-09
5.61034905828e-11	-1.35849154148e-08
5.65487509777e-11	-1.41782310337e-08
5.69940113726e-11	-1.06277369127e-08
5.74392717675e-11	-4.45044845421e-09
5.78845321624e-11	2.20155849107e-09
5.83297925573e-11	7.20379622621e-09
5.87750529522e-11	9.0877332326e-09
5.92203133471e-11	7.44012584875e-09
5.9665573742e-11	2.96657853838e-09
6.01108341369e-11	-2.81528911295e-09
6.05560945317e-11	-8.11983991156e-09
6.10013549266e-11	-1.15058718109e-08
6.14466153215e-11	-1.23096919324e-08
6.18918757164e-11	-1.07666826565e-08
6.23371361113e-11	-7.78751729769e-09
6.27823965062e-11	-4.50422277254e-09
6.32276569011e-11	-1.78739134604e-09
6.3672917296e-11	6.50759376941e-11
6.41181776909e-11	1.3544808608e-09
6.45634380858e-11	2.73281020036e-09
6.50086984807e-11	4.78316497521e-09
6.54539588756e-11	7.65038077333e-09
6.58992192705e-11	1.08630908713e-08
6.63444796654e-11	1.3443236746e-08
6.67897400603e-11	1.42752982768e-08
6.72350004551e-11	1.25737100731e-08
6.768026085e-11	8.25960633222e-09
6.81255212449e-11	2.07663131135e-09
6.85707816398e-11	-4.61458515844e-09
6.90160420347e-11	-1.02872341756e-08
6.94613024296e-11	-1.37540485667e-08
6.99065628245e-11	-1.45190641732e-08
7.03518232194e-11	-1.28246444575e-08
7.07970836143e-11	-9.42007005733e-09
7.12423440092e-11	-5.18105958136e-09
7.16876044041e-11	-8.06511635254e-10
7.2132864799e-11	3.27855032012e-09
7.25781251939e-11	6.80564804512e-09
7.30233855888e-11	9.45424449839e-09
7.34686459836e-11	1.07381117331e-08
7.39139063785e-11	1.00945021231e-08
7.43591667734e-11	7.15431802689e-09
7.48044271683e-11	2.05559103073e-09
7.52496875632e-11	-4.3838652708e-09
7.56949479581e-11	-1.07601199062e-08
7.6140208353e-11	-1.5438679668e-08
7.65854687479e-11	-1.70496736729e-08
7.70307291428e-11	-1.49352530343e-08
7.74759895377e-11	-9.38071131884e-09
7.79212499326e-11	-1.54921209194e-09
7.83665103275e-11	6.84339918067e-09
7.88117707224e-11	1.39992053505e-08
7.92570311173e-11	1.8504383803e-08
7.97022915122e-11	1.9632972581e-08
8.0147551907e-11	1.74517360563e-08
8.05928123019e-11	1.27038815023e-08
8.10380726968e-11	6.53906218062e-09
8.14833330917e-11	1.92205751315e-10
8.19285934866e-11	-5.31295007988e-09
8.23738538815e-11	-9.34977784084e-09
8.28191142764e-11	-1.17235803287e-08
8.32643746713e-11	-1.2588917464e-08
8.37096350662e-11	-1.22839596273e-08
8.41548954611e-11	-1.11610027886e-08
8.4600155856e-11	-9.47183931288e-09
8.50454162509e-11	-7.32586702412e-09
8.54906766458e-11	-4.73826666791e-09
8.59359370407e-11	-1.7189079049e-09
8.63811974355e-11	1.63078928139e-09
8.68264578304e-11	5.04431652004e-09
8.72717182253e-11	8.09144573566e-09
8.77169786202e-11	1.02512061062e-08
8.81622390151e-11	1.10573008527e-08
8.860749941e-11	1.02581028116e-08
8.90527598049e-11	7.9286603949e-09
8.94980201998e-11	4.48341630488e-09
8.99432805947e-11	5.68830926806e-10
9.03885409896e-11	-3.11706349621e-09
9.08338013845e-11	-6.00023586372e-09
9.12790617794e-11	-7.73951835953e-09
9.17243221743e-11	-8.22740719997e-09
9.21695825692e-11	-7.53194218106e-09
9.26148429641e-11	-5.82315706765e-09
9.30601033589e-11	-3.33396021901e-09
9.35053637538e-11	-3.59330232236e-10
9.39506241487e-11	2.73187938937e-09
9.43958845436e-11	5.50746381833e-09
9.48411449385e-11	7.52439444085e-09
9.52864053334e-11	8.41352942871e-09
9.57316657283e-11	7.96397436886e-09
9.61769261232e-11	6.1745981661e-09
9.66221865181e-11	3.2562605945e-09
9.7067446913e-11	-4.06552125298e-10
9.75127073079e-11	-4.31585212013e-09
9.79579677028e-11	-7.91652787768e-09
9.84032280977e-11	-1.06563655677e-08
9.88484884926e-11	-1.20526566505e-08
9.92937488874e-11	-1.17864313864e-08
9.97390092823e-11	-9.79343006691e-09
1.00184269677e-10	-6.3179435017e-09
1.00629530072e-10	-1.89290538799e-09
1.01074790467e-10	2.7810669323e-09
1.01520050862e-10	7.00732094572e-09
1.01965311257e-10	1.02592041529e-08
1.02410571652e-10	1.22550529724e-08
1.02855832047e-10	1.29237518465e-08
1.03301092441e-10	1.23023484733e-08
1.03746352836e-10	1.04379793697e-08
1.04191613231e-10	7.3679919943e-09
1.04636873626e-10	3.18575277269e-09
1.05082134021e-10	-1.82967840878e-09
1.05527394416e-10	-7.11689818189e-09
1.05972654811e-10	-1.18371197289e-08
1.06417915206e-10	-1.50219516826e-08
1.06863175601e-10	-1.58423745233e-08
1.07308435996e-10	-1.39018254686e-08
1.0775369639e-10	-9.43427824751e-09
1.08198956785e-10	-3.3204592409e-09
1.0864421718e-10	3.11930103969e-09
1.09089477575e-10	8.49020320715e-09
1.0953473797e-10	1.17176206516e-08
1.09979998365e-10	1.2330353627e-08
1.1042525876e-10	1.05332222944e-08
1.10870519155e-10	7.05825087266e-09
1.1131577955e-10	2.87033485868e-09
1.11761039944e-10	-1.13850751049e-09
1.12206300339e-10	-4.36035163531e-09
1.12651560734e-10	-6.52345866214e-09
1.13096821129e-10	-7.60703766645e-09
1.13542081524e-10	-7.69680053025e-09
1.13987341919e-10	-6.86982115639e-09
1.14432602314e-10	-5.17181852899e-09
1.14877862709e-10	-2.67931410391e-09
1.15323123104e-10	3.98506116994e-10
1.15768383498e-10	3.65872798724e-09
1.16213643893e-10	6.53415010987e-09
1.16658904288e-10	8.42834424475e-09
1.17104164683e-10	8.8985885327e-09
1.17549425078e-10	7.80769138231e-09
1.17994685473e-10	5.38254596449e-09
1.18439945868e-10	2.15501794187e-09
1.18885206263e-10	-1.20293985884e-09
1.19330466658e-10	-4.06775102491e-09
1.19775727053e-10	-6.02535799032e-09
1.20220987447e-10	-6.93906665461e-09
1.20666247842e-10	-6.91840407185e-09
1.21111508237e-10	-6.21831386383e-09
1.21556768632e-10	-5.11301934125e-09
1.22002029027e-10	-3.80194320471e-09
1.22447289422e-10	-2.3795938553e-09
1.22892549817e-10	-8.64662785816e-10
1.23337810212e-10	7.29986626702e-10
1.23783070607e-10	2.33097674496e-09
1.24228331001e-10	3.78065045936e-09
1.24673591396e-10	4.86020246271e-09
1.25118851791e-10	5.35584110395e-09
1.25564112186e-10	5.13251086076e-09
1.26009372581e-10	4.19224210901e-09
1.26454632976e-10	2.68994315711e-09
1.26899893371e-10	9.09191943954e-10
1.27345153766e-10	-8.06730571234e-10
1.27790414161e-10	-2.14133866194e-09
1.28235674555e-10	-2.89154411526e-09
1.2868093495e-10	-3.0239997173e-09
1.29126195345e-10	-2.67635824613e-09
1.2957145574e-10	-2.09597894596e-09
1.30016716135e-10	-1.53432244687e-09
1.3046197653e-10	-1.14454856703e-09
1.30907236925e-10	-9.24126219992e-10
1.3135249732e-10	-7.35438765442e-10
1.31797757715e-10	-3.99423327746e-10
1.3224301811e-10	1.87591275846e-10
1.32688278504e-10	9.73250480207e-10
