% time-domain current integration by openEMS v0.0.36-82-g8a008a4 @Tue Aug 19 10:17:43 2025
% start-coordinates: (-3.55e-06,0.00025242,0.000293577) m -> [53,110,30]
% stop-coordinates: (2.95e-06,0.00025242,0.00029798) m -> [64,110,37]
% t/s	current
4.7745280647e-16	0
6.94693833414e-13	-1.09240242042e-33
1.38891021402e-12	-1.0740230533e-17
2.08312659463e-12	-7.48670568628e-15
2.77734297524e-12	-4.66998076494e-13
3.47155935584e-12	-5.54194329316e-11
4.16577573645e-12	-7.00961858002e-11
4.85999211706e-12	-3.72831973627e-11
5.55420849767e-12	6.24707577335e-11
6.24842487827e-12	2.06880193532e-10
6.94264125888e-12	3.50550838357e-10
7.63685763949e-12	3.93686278022e-10
8.3310740201e-12	2.29184338174e-10
9.0252904007e-12	-2.13674092309e-10
9.71950678131e-12	-8.79949779709e-10
1.04137231619e-11	-1.53200641062e-09
1.11079395425e-11	-1.77189596329e-09
1.18021559231e-11	-1.15952536461e-09
1.24963723037e-11	5.46007350444e-10
1.31905886843e-11	3.10163938977e-09
1.3884805065e-11	5.61567148338e-09
1.45790214456e-11	6.65772592612e-09
1.52732378262e-11	4.7529931102e-09
1.59674542068e-11	-7.97725607793e-10
1.66616705874e-11	-9.09022279671e-09
1.7355886968e-11	-1.72402749854e-08
1.80501033486e-11	-2.09164614517e-08
1.87443197292e-11	-1.59598929628e-08
1.94385361098e-11	-6.91605273051e-10
2.01327524904e-11	2.20384137606e-08
2.0826968871e-11	4.42990710781e-08
2.15211852516e-11	5.49905898595e-08
2.22154016322e-11	4.42058976091e-08
2.29096180129e-11	8.70988614565e-09
2.36038343935e-11	-4.39337100033e-08
2.42980507741e-11	-9.52223260242e-08
2.49922671547e-11	-1.21034602785e-07
2.56864835353e-11	-1.01477951375e-07
2.63806999159e-11	-3.17210648859e-08
2.70749162965e-11	7.13457808388e-08
2.77691326771e-11	1.71091130596e-07
2.84633490577e-11	2.23086857432e-07
2.91575654383e-11	1.93686517491e-07
2.98517818189e-11	7.77943895969e-08
3.05459981995e-11	-9.2837794341e-08
3.12402145801e-11	-2.56676742083e-07
3.19344309608e-11	-3.44386705819e-07
3.26286473414e-11	-3.08057877874e-07
3.3322863722e-11	-1.4529496184e-07
3.40170801026e-11	9.36321669087e-08
3.47112964832e-11	3.21054869801e-07
3.54055128638e-11	4.45279738415e-07
3.60997292444e-11	4.08953241049e-07
3.6793945625e-11	2.15755420641e-07
3.74881620056e-11	-6.72454518735e-08
3.81823783862e-11	-3.34130788815e-07
3.88765947668e-11	-4.82152358927e-07
3.95708111474e-11	-4.53667496458e-07
4.0265027528e-11	-2.59925883483e-07
4.09592439086e-11	2.36314381397e-08
4.16534602893e-11	2.88497489009e-07
4.23476766699e-11	4.37111111751e-07
4.30418930505e-11	4.20924862965e-07
4.37361094311e-11	2.56881179439e-07
4.44303258117e-11	1.65633977645e-08
4.51245421923e-11	-2.05781972795e-07
4.58187585729e-11	-3.31647584062e-07
4.65129749535e-11	-3.26854745936e-07
4.72071913341e-11	-2.09678006513e-07
4.79014077147e-11	-3.74378892332e-08
4.85956240953e-11	1.20458139463e-07
4.92898404759e-11	2.10458509287e-07
4.99840568565e-11	2.12514834175e-07
5.06782732372e-11	1.41986916447e-07
5.13724896178e-11	3.76265560931e-08
5.20667059984e-11	-5.72244438501e-08
5.2760922379e-11	-1.11593408292e-07
5.34551387596e-11	-1.15722912142e-07
5.41493551402e-11	-8.00138266754e-08
5.48435715208e-11	-2.65897774909e-08
5.55377879014e-11	2.1599731781e-08
5.6232004282e-11	4.93582348327e-08
5.69262206626e-11	5.27715506848e-08
5.76204370432e-11	3.76033000293e-08
5.83146534238e-11	1.45205190094e-08
5.90088698044e-11	-6.1728817613e-09
5.97030861851e-11	-1.81512493924e-08
6.03973025657e-11	-2.01316190385e-08
6.10915189463e-11	-1.47507766002e-08
6.17857353269e-11	-6.35052765929e-09
6.24799517075e-11	1.14876852475e-09
6.31741680881e-11	5.51225864953e-09
6.38683844687e-11	6.40185149337e-09
6.45626008493e-11	4.81934669949e-09
6.52568172299e-11	2.2544004441e-09
6.59510336105e-11	-2.9996088946e-11
6.66452499911e-11	-1.36604949574e-09
6.73394663717e-11	-1.68390146271e-09
