% time-domain voltage integration by openEMS v0.0.36-82-g8a008a4 @Tue Aug 19 10:17:43 2025
% start-coordinates: (-5e-08,-0.00025208,0.00029648) m -> [59,56,34]
% stop-coordinates: (-5e-08,-0.00025808,0.00029648) m -> [59,46,34]
% t/s	voltage
0	-0
6.94216380607e-13	4.04087277528e-09
1.38843276121e-12	2.51438320165e-09
2.08264914182e-12	-1.73854597385e-09
2.77686552243e-12	-9.31560006912e-09
3.47108190304e-12	-1.77545963487e-08
4.16529828364e-12	-2.2261102961e-08
4.85951466425e-12	-1.65560891663e-08
5.55373104486e-12	4.03380637226e-09
6.24794742547e-12	3.8743943831e-08
6.94216380607e-12	7.7087918271e-08
7.63638018668e-12	9.88408705993e-08
8.33059656729e-12	7.89680472124e-08
9.0248129479e-12	-3.14110917832e-10
9.7190293285e-12	-1.33609265873e-07
1.04132457091e-11	-2.80768940542e-07
1.11074620897e-11	-3.68041675358e-07
1.18016784703e-11	-3.10283191141e-07
1.24958948509e-11	-5.27760790625e-08
1.31901112315e-11	3.80261056421e-07
1.38843276121e-11	8.5585583065e-07
1.45785439928e-11	1.14748323909e-06
1.52727603734e-11	1.0101584067e-06
1.5966976754e-11	3.0345820079e-07
1.66611931346e-11	-8.84960577707e-07
1.73554095152e-11	-2.18139136621e-06
1.80496258958e-11	-2.99541574122e-06
1.87438422764e-11	-2.73256783601e-06
1.9438058657e-11	-1.09388932401e-06
2.01322750376e-11	1.66169985505e-06
2.08264914182e-11	4.64335363404e-06
2.15207077988e-11	6.54737993955e-06
2.22149241794e-11	6.15520031033e-06
2.290914056e-11	2.94505736065e-06
2.36033569407e-11	-2.45474312521e-06
2.42975733213e-11	-8.24345318051e-06
2.49917897019e-11	-1.19817468658e-05
2.56860060825e-11	-1.156247788e-05
2.63802224631e-11	-6.25028513923e-06
2.70744388437e-11	2.69315947321e-06
2.77686552243e-11	1.21828851434e-05
2.84628716049e-11	1.83526270803e-05
2.91570879855e-11	1.81314632073e-05
2.98513043661e-11	1.07074017137e-05
3.05455207467e-11	-1.81171415647e-06
3.12397371273e-11	-1.49494671859e-05
3.19339535079e-11	-2.35177824379e-05
3.26281698886e-11	-2.3748565809e-05
3.33223862692e-11	-1.49901200075e-05
3.40166026498e-11	-1.82448228969e-07
3.47108190304e-11	1.51763110807e-05
3.5405035411e-11	2.51948454206e-05
3.60992517916e-11	2.59867745172e-05
3.67934681722e-11	1.72707074171e-05
3.74876845528e-11	2.47746646664e-06
3.81819009334e-11	-1.26797054918e-05
3.8876117314e-11	-2.25438434427e-05
3.95703336946e-11	-2.37527183344e-05
4.02645500752e-11	-1.64425794082e-05
4.09587664558e-11	-3.96845288719e-06
4.16529828364e-11	8.65089685931e-06
4.23471992171e-11	1.68263483147e-05
4.30414155977e-11	1.81256023097e-05
4.37356319783e-11	1.29645395646e-05
4.44298483589e-11	4.09486983699e-06
4.51240647395e-11	-4.75989480719e-06
4.58182811201e-11	-1.04585702729e-05
4.65124975007e-11	-1.15365929787e-05
4.72067138813e-11	-8.47332046305e-06
4.79009302619e-11	-3.1623386576e-06
4.85951466425e-11	2.06618167908e-06
4.92893630231e-11	5.4016279023e-06
4.99835794037e-11	6.11524558281e-06
5.06777957843e-11	4.58914487922e-06
5.1372012165e-11	1.91617556311e-06
5.20662285456e-11	-6.76084567885e-07
5.27604449262e-11	-2.3112337999e-06
5.34546613068e-11	-2.69333150982e-06
5.41488776874e-11	-2.05654312424e-06
5.4843094068e-11	-9.29006631623e-07
5.55373104486e-11	1.46456089034e-07
5.62315268292e-11	8.1527714002e-07
5.69257432098e-11	9.81627295005e-07
5.76199595904e-11	7.59952726526e-07
5.8314175971e-11	3.63374329737e-07
5.90083923516e-11	-7.74585268148e-09
5.97026087322e-11	-2.34485227679e-07
6.03968251129e-11	-2.93357928172e-07
6.10910414935e-11	-2.29627284298e-07
6.17852578741e-11	-1.14646754312e-07
6.24794742547e-11	-9.52116852027e-09
6.31736906353e-11	5.32048862745e-08
6.38679070159e-11	6.99144524496e-08
6.45621233965e-11	5.517364432e-08
6.52563397771e-11	2.84804575479e-08
6.59505561577e-11	4.89226875677e-09
6.66447725383e-11	-8.58709864326e-09
6.73389889189e-11	-1.21073582271e-08
