% time-domain current integration by openEMS v0.0.36-82-g8a008a4 @Tue Aug 19 10:17:43 2025
% start-coordinates: (-3.55e-06,-0.00025558,0.000293577) m -> [53,50,30]
% stop-coordinates: (2.95e-06,-0.00025558,0.00029798) m -> [64,50,37]
% t/s	current
4.7745280647e-16	-0
6.94693833414e-13	8.10964143061e-11
1.38891021402e-12	5.96518459628e-11
2.08312659463e-12	-2.96150881596e-11
2.77734297524e-12	-1.70891009676e-10
3.47155935584e-12	-3.28021776408e-10
4.16577573645e-12	-4.11606110307e-10
4.85999211706e-12	-3.09075681715e-10
5.55420849767e-12	7.28714519282e-11
6.24842487827e-12	7.16877668339e-10
6.94264125888e-12	1.4332113274e-09
7.63685763949e-12	1.84085180432e-09
8.3310740201e-12	1.47412682061e-09
9.0252904007e-12	3.33403931633e-13
9.71950678131e-12	-2.48647791246e-09
1.04137231619e-11	-5.23733634239e-09
1.11079395425e-11	-6.87517953679e-09
1.18021559231e-11	-5.80565995278e-09
1.24963723037e-11	-9.98572668998e-10
1.31905886843e-11	7.10364433942e-09
1.3884805065e-11	1.60189905785e-08
1.45790214456e-11	2.1499330316e-08
1.52732378262e-11	1.89462010525e-08
1.59674542068e-11	5.69935521e-09
1.66616705874e-11	-1.66169638049e-08
1.7355886968e-11	-4.09967881865e-08
1.80501033486e-11	-5.63399282782e-08
1.87443197292e-11	-5.14252214145e-08
1.94385361098e-11	-2.05673629239e-08
2.01327524904e-11	3.14098009824e-08
2.0826968871e-11	8.77321895132e-08
2.15211852516e-11	1.23766270121e-07
2.22154016322e-11	1.16392158134e-07
2.29096180129e-11	5.56087726977e-08
2.36038343935e-11	-4.68180694213e-08
2.42980507741e-11	-1.56803153573e-07
2.49922671547e-11	-2.27975249345e-07
2.56864835353e-11	-2.20078078428e-07
2.63806999159e-11	-1.18823464845e-07
2.70749162965e-11	5.20234166856e-08
2.77691326771e-11	2.3369831581e-07
2.84633490577e-11	3.52152227379e-07
2.91575654383e-11	3.48150820173e-07
2.98517818189e-11	2.05522169949e-07
3.05459981995e-11	-3.57788820793e-08
3.12402145801e-11	-2.89807928766e-07
3.19344309608e-11	-4.56208994137e-07
3.26286473414e-11	-4.61343972802e-07
3.3322863722e-11	-2.91503852168e-07
3.40170801026e-11	-2.81932965862e-09
3.47112964832e-11	2.9805852364e-07
3.54055128638e-11	4.95667620726e-07
3.60997292444e-11	5.12644191986e-07
3.6793945625e-11	3.41761818845e-07
3.74881620056e-11	4.91226828103e-08
3.81823783862e-11	-2.52953896052e-07
3.88765947668e-11	-4.51619882824e-07
3.95708111474e-11	-4.78161439332e-07
4.0265027528e-11	-3.3300975133e-07
4.09592439086e-11	-8.15805165644e-08
4.16534602893e-11	1.75681037717e-07
4.23476766699e-11	3.44998852597e-07
4.30418930505e-11	3.74734781872e-07
4.37361094311e-11	2.70766662425e-07
4.44303258117e-11	8.76172165931e-08
4.51245421923e-11	-9.83751817785e-08
4.58187585729e-11	-2.20874966317e-07
4.65129749535e-11	-2.46996393116e-07
4.72071913341e-11	-1.84308134976e-07
4.79014077147e-11	-7.11589294156e-08
4.85956240953e-11	4.30915498839e-08
4.92898404759e-11	1.18427500695e-07
4.99840568565e-11	1.37064120054e-07
5.06782732372e-11	1.05318953558e-07
5.13724896178e-11	4.60043487749e-08
5.20667059984e-11	-1.36856037614e-08
5.2760922379e-11	-5.31230206491e-08
5.34551387596e-11	-6.41093649278e-08
5.41493551402e-11	-5.06468715855e-08
5.48435715208e-11	-2.42405491235e-08
5.55377879014e-11	2.3176318642e-09
5.6232004282e-11	1.99155767433e-08
5.69262206626e-11	2.53167691255e-08
5.76204370432e-11	2.05484838034e-08
5.83146534238e-11	1.05449329268e-08
5.90088698044e-11	4.59115828688e-10
5.97030861851e-11	-6.2471494644e-09
6.03973025657e-11	-8.47306935725e-09
6.10915189463e-11	-7.06160641073e-09
6.17857353269e-11	-3.82064069271e-09
6.24799517075e-11	-5.35617106223e-10
6.31741680881e-11	1.65677682684e-09
6.38683844687e-11	2.43039388614e-09
6.45626008493e-11	2.07793560136e-09
6.52568172299e-11	1.16962350916e-09
6.59510336105e-11	2.41565906167e-10
6.66452499911e-11	-3.8160061222e-10
6.73394663717e-11	-6.1277832808e-10
