% time-domain voltage integration by openEMS v0.0.36-82-g8a008a4 @Tue Aug 19 10:17:43 2025
% start-coordinates: (-5e-08,0.00024992,0.00029648) m -> [59,106,34]
% stop-coordinates: (-5e-08,0.00025592,0.00029648) m -> [59,116,34]
% t/s	voltage
0	-0
6.94216380607e-13	2.1355761017e-32
1.38843276121e-12	4.03649947815e-16
2.08264914182e-12	3.50901623161e-13
2.77686552243e-12	2.04220044738e-11
3.47108190304e-12	2.66034275165e-09
4.16529828364e-12	3.48760023638e-09
4.85951466425e-12	1.92253922504e-09
5.55373104486e-12	-2.99974475815e-09
6.24794742547e-12	-1.01973252065e-08
6.94216380607e-12	-1.74227602345e-08
7.63638018668e-12	-1.97249084843e-08
8.33059656729e-12	-1.1742926409e-08
9.0248129479e-12	1.01432146016e-08
9.7190293285e-12	4.33255793464e-08
1.04132457091e-11	7.61052127984e-08
1.11074620897e-11	8.87028597241e-08
1.18016784703e-11	5.90521387345e-08
1.24958948509e-11	-2.52057528183e-08
1.31901112315e-11	-1.52495386985e-07
1.38843276121e-11	-2.78849974222e-07
1.45785439928e-11	-3.33077148085e-07
1.52727603734e-11	-2.41136591583e-07
1.5966976754e-11	3.30687188743e-08
1.66611931346e-11	4.46152146338e-07
1.73554095152e-11	8.55676482558e-07
1.80496258958e-11	1.0458389994e-06
1.87438422764e-11	8.07521963964e-07
1.9438058657e-11	5.33344706177e-08
2.01322750376e-11	-1.07909265523e-06
2.08264914182e-11	-2.19751773045e-06
2.15207077988e-11	-2.74825401902e-06
2.22149241794e-11	-2.23225248419e-06
2.290914056e-11	-4.79121709418e-07
2.36033569407e-11	2.14402332688e-06
2.42975733213e-11	4.72077272207e-06
2.49917897019e-11	6.0462705278e-06
2.56860060825e-11	5.11662562985e-06
2.63802224631e-11	1.67187681654e-06
2.70744388437e-11	-3.46464798895e-06
2.77686552243e-11	-8.47590445119e-06
2.84628716049e-11	-1.11397263822e-05
2.91570879855e-11	-9.7545030826e-06
2.98513043661e-11	-4.03250254521e-06
3.05455207467e-11	4.47278372917e-06
3.12397371273e-11	1.27045219642e-05
3.19339535079e-11	1.71899115458e-05
3.26281698886e-11	1.55001068833e-05
3.33223862692e-11	7.46568713339e-06
3.40166026498e-11	-4.44600738092e-06
3.47108190304e-11	-1.58733021181e-05
3.5405035411e-11	-2.22169049948e-05
3.60992517916e-11	-2.05611745514e-05
3.67934681722e-11	-1.10269419338e-05
3.74876845528e-11	3.08463111764e-06
3.81819009334e-11	1.64962162899e-05
3.8876117314e-11	2.40462838974e-05
3.95703336946e-11	2.27949271903e-05
4.02645500752e-11	1.3237056578e-05
4.09587664558e-11	-9.04788493017e-07
4.16529828364e-11	-1.42165314401e-05
4.23471992171e-11	-2.17895823198e-05
4.30414155977e-11	-2.11383554642e-05
4.37356319783e-11	-1.30489759158e-05
4.44298483589e-11	-1.06159544089e-06
4.51240647395e-11	1.01146052884e-05
4.58182811201e-11	1.65233751659e-05
4.65124975007e-11	1.64064612136e-05
4.72067138813e-11	1.06312982098e-05
4.79009302619e-11	2.038423915e-06
4.85951466425e-11	-5.89931340755e-06
4.92893630231e-11	-1.04788074395e-05
4.99835794037e-11	-1.06625371927e-05
5.06777957843e-11	-7.1889036235e-06
5.1372012165e-11	-1.98180593713e-06
5.20662285456e-11	2.78717708113e-06
5.27604449262e-11	5.55200489316e-06
5.34546613068e-11	5.80377229653e-06
5.41488776874e-11	4.04661182074e-06
5.4843094068e-11	1.38073771438e-06
5.55373104486e-11	-1.04246532118e-06
5.62315268292e-11	-2.45333275473e-06
5.69257432098e-11	-2.64552069495e-06
5.76199595904e-11	-1.90000517364e-06
5.8314175971e-11	-7.48112775284e-07
5.90083923516e-11	2.92576448402e-07
5.97026087322e-11	9.01097315875e-07
6.03968251129e-11	1.00879027798e-06
6.10910414935e-11	7.44754125037e-07
6.17852578741e-11	3.2555190721e-07
6.24794742547e-11	-5.16292892883e-08
6.31736906353e-11	-2.73203058399e-07
6.38679070159e-11	-3.20647421503e-07
6.45621233965e-11	-2.43166841329e-07
6.52563397771e-11	-1.151825062e-07
6.59505561577e-11	-2.70506016892e-10
6.66447725383e-11	6.75528251115e-08
6.73389889189e-11	8.42976146664e-08
